% Column 0: Length, mm
% Column 1: |E|, V/m
0.00000000e+000	6.57924033e+004	
3.77375200e-002	8.23190192e+004	
7.54750400e-002	7.73776522e+004	
1.13212560e-001	7.26241495e+004	
1.50950080e-001	6.80978637e+004	
1.88687600e-001	6.38471368e+004	
2.26425120e-001	5.99954147e+004	
2.64162640e-001	5.64757703e+004	
3.01900160e-001	5.29563487e+004	
3.39637680e-001	4.94371974e+004	
3.77375200e-001	4.59183786e+004	
4.15112720e-001	4.23999751e+004	
4.52850240e-001	3.97797458e+004	
4.90587760e-001	3.92517514e+004	
5.28325280e-001	3.87242800e+004	
5.66062800e-001	3.81973534e+004	
6.03800320e-001	3.76709944e+004	
6.41537840e-001	3.71452271e+004	
6.79275360e-001	3.66200770e+004	
7.17012880e-001	3.60955711e+004	
7.54750400e-001	3.56988479e+004	
7.92487920e-001	3.53636298e+004	
8.30225440e-001	3.50285318e+004	
8.67962960e-001	3.46935573e+004	
9.05700480e-001	3.43587099e+004	
9.43438000e-001	3.40239933e+004	
9.81175520e-001	3.36894116e+004	
1.01891304e+000	3.33549686e+004	
1.05665056e+000	3.30206686e+004	
1.09438808e+000	3.26865161e+004	
1.13212560e+000	3.23525156e+004	
1.16986312e+000	3.20186718e+004	
1.20760064e+000	3.16849898e+004	
1.24533816e+000	3.13514746e+004	
1.28307568e+000	3.10762663e+004	
1.32081320e+000	3.08408013e+004	
1.35855072e+000	3.06057811e+004	
1.39628824e+000	3.03712159e+004	
1.43402576e+000	3.01371164e+004	
1.47176328e+000	2.99034936e+004	
1.50950080e+000	2.96703585e+004	
1.54723832e+000	2.94377230e+004	
1.58497584e+000	2.92052660e+004	
1.62271336e+000	2.89726301e+004	
1.66045088e+000	2.87400714e+004	
1.69818840e+000	2.85075918e+004	
1.73592592e+000	2.82751932e+004	
1.77366344e+000	2.80428776e+004	
1.81140096e+000	2.78106472e+004	
1.84913848e+000	2.75785040e+004	
1.88687600e+000	2.73464504e+004	
1.92461352e+000	2.71144885e+004	
1.96235104e+000	2.68826208e+004	
2.00008856e+000	2.66508497e+004	
2.03782608e+000	2.64191778e+004	
2.07556360e+000	2.61876076e+004	
2.11330112e+000	2.59561421e+004	
2.15103864e+000	2.57247838e+004	
2.18877616e+000	2.54935358e+004	
2.22651368e+000	2.52624012e+004	
2.26425120e+000	2.50313829e+004	
2.30198872e+000	2.48177184e+004	
2.33972624e+000	2.47316022e+004	
2.37746376e+000	2.46455317e+004	
2.41520128e+000	2.45595076e+004	
2.45293880e+000	2.44735303e+004	
2.49067632e+000	2.43876003e+004	
2.52841384e+000	2.43017181e+004	
2.56615136e+000	2.42158842e+004	
2.60388888e+000	2.41300990e+004	
2.64162640e+000	2.40443633e+004	
2.67936392e+000	2.39586773e+004	
2.71710144e+000	2.38730418e+004	
2.75483896e+000	2.37874573e+004	
2.79257648e+000	2.37019242e+004	
2.83031400e+000	2.36164432e+004	
2.86805152e+000	2.35310148e+004	
2.90578904e+000	2.34456396e+004	
2.94352656e+000	2.33603183e+004	
2.98126408e+000	2.32750512e+004	
3.01900160e+000	2.31898392e+004	
3.05673912e+000	2.31046827e+004	
3.09447664e+000	2.30195825e+004	
3.13221416e+000	2.29349834e+004	
3.16995168e+000	2.28507042e+004	
3.20768920e+000	2.27664334e+004	
3.24542672e+000	2.26821711e+004	
3.28316424e+000	2.25979175e+004	
3.32090176e+000	2.25136725e+004	
3.35863928e+000	2.24294364e+004	
3.39637680e+000	2.23452091e+004	
3.43411432e+000	2.22609909e+004	
3.47185184e+000	2.21767818e+004	
3.50958936e+000	2.20925819e+004	
3.54732688e+000	2.20083913e+004	
3.58506440e+000	2.19242101e+004	
3.62280192e+000	2.18400385e+004	
3.66053944e+000	2.17558765e+004	
3.69827696e+000	2.16717242e+004	
3.73601448e+000	2.15875819e+004	
3.77375200e+000	2.15034495e+004	
3.81148952e+000	2.14193272e+004	
3.84922704e+000	2.13352152e+004	
3.88696456e+000	2.12511135e+004	
3.92470208e+000	2.11670223e+004	
3.96243960e+000	2.10841358e+004	
4.00017712e+000	2.10152783e+004	
4.03791464e+000	2.09464213e+004	
4.07565216e+000	2.08775648e+004	
4.11338968e+000	2.08087087e+004	
4.15112720e+000	2.07398531e+004	
4.18886472e+000	2.06709980e+004	
4.22660224e+000	2.06021433e+004	
4.26433976e+000	2.05332892e+004	
4.30207728e+000	2.04644355e+004	
4.33981480e+000	2.03955824e+004	
4.37755232e+000	2.03267297e+004	
4.41528984e+000	2.02578776e+004	
4.45302736e+000	2.01890259e+004	
4.49076488e+000	2.01201748e+004	
4.52850240e+000	2.00513242e+004	
4.56623992e+000	1.99824742e+004	
4.60397744e+000	1.99136247e+004	
4.64171496e+000	1.98447757e+004	
4.67945248e+000	1.97759273e+004	
4.71719000e+000	1.97070794e+004	
4.75492752e+000	1.96382321e+004	
4.79266504e+000	1.95693853e+004	
4.83040256e+000	1.95005391e+004	
4.86814008e+000	1.94316935e+004	
4.90587760e+000	1.93628485e+004	
4.94361512e+000	1.92940041e+004	
4.98135264e+000	1.92254649e+004	
5.01909016e+000	1.91588624e+004	
5.05682768e+000	1.90922638e+004	
5.09456520e+000	1.90256692e+004	
5.13230272e+000	1.89590787e+004	
5.17004024e+000	1.88969930e+004	
5.20777776e+000	1.88539995e+004	
5.24551528e+000	1.88110135e+004	
5.28325280e+000	1.87680349e+004	
5.32099032e+000	1.87250637e+004	
5.35872784e+000	1.86821001e+004	
5.39646536e+000	1.86391441e+004	
5.43420288e+000	1.85961957e+004	
5.47194040e+000	1.85532551e+004	
5.50967792e+000	1.85103221e+004	
5.54741544e+000	1.84673970e+004	
5.58515296e+000	1.84244797e+004	
5.62289048e+000	1.83815704e+004	
5.66062800e+000	1.83386690e+004	
5.69836552e+000	1.82957756e+004	
5.73610304e+000	1.82528903e+004	
5.77384056e+000	1.82100132e+004	
5.81157808e+000	1.81671442e+004	
5.84931560e+000	1.81242835e+004	
5.88705312e+000	1.80814312e+004	
5.92479064e+000	1.80385871e+004	
5.96252816e+000	1.79957516e+004	
6.00026568e+000	1.79529245e+004	
6.03800320e+000	1.79101059e+004	
6.07574072e+000	1.78672960e+004	
6.11347824e+000	1.78244947e+004	
6.15121576e+000	1.77817022e+004	
6.18895328e+000	1.77389185e+004	
6.22669080e+000	1.76961437e+004	
6.26442832e+000	1.76533778e+004	
6.30216584e+000	1.76106208e+004	
6.33990336e+000	1.75678730e+004	
6.37764088e+000	1.75251343e+004	
6.41537840e+000	1.74824047e+004	
6.45311592e+000	1.74396844e+004	
6.49085344e+000	1.73969735e+004	
6.52859096e+000	1.73542719e+004	
6.56632848e+000	1.73074184e+004	
6.60406600e+000	1.72611889e+004	
6.64180352e+000	1.72149626e+004	
6.67954104e+000	1.71687394e+004	
6.71727856e+000	1.71225196e+004	
6.75501608e+000	1.70763029e+004	
6.79275360e+000	1.70300896e+004	
6.83049112e+000	1.69838795e+004	
6.86822864e+000	1.69376728e+004	
6.90596616e+000	1.68914694e+004	
6.94370368e+000	1.68452694e+004	
6.98144120e+000	1.67990728e+004	
7.01917872e+000	1.67528797e+004	
7.05691624e+000	1.67066900e+004	
7.09465376e+000	1.66605039e+004	
7.13239128e+000	1.66143212e+004	
7.17012880e+000	1.65681422e+004	
7.20786632e+000	1.65219667e+004	
7.24560384e+000	1.64757948e+004	
7.28334136e+000	1.64296266e+004	
7.32107888e+000	1.63834620e+004	
7.35881640e+000	1.63373012e+004	
7.39655392e+000	1.62911441e+004	
7.43429144e+000	1.62449908e+004	
7.47202896e+000	1.61988413e+004	
7.50976648e+000	1.61526956e+004	
7.54750400e+000	1.61065538e+004	
7.58524152e+000	1.60604159e+004	
7.62297904e+000	1.60142819e+004	
7.66071656e+000	1.59681520e+004	
7.69845408e+000	1.59220260e+004	
7.73619160e+000	1.58721932e+004	
7.77392912e+000	1.58216768e+004	
7.81166664e+000	1.57711712e+004	
7.84940416e+000	1.57206765e+004	
7.88714168e+000	1.56701928e+004	
7.92487920e+000	1.56197202e+004	
7.96261672e+000	1.55692588e+004	
8.00035424e+000	1.55188088e+004	
8.03809176e+000	1.54683702e+004	
8.07582928e+000	1.54179432e+004	
8.11356680e+000	1.53691758e+004	
8.15130432e+000	1.53259372e+004	
8.18904184e+000	1.52826996e+004	
8.22677936e+000	1.52394629e+004	
8.26451688e+000	1.51962273e+004	
8.30225440e+000	1.51529926e+004	
8.33999192e+000	1.51097590e+004	
8.37772944e+000	1.50665263e+004	
8.41546696e+000	1.50232948e+004	
8.45320448e+000	1.49800642e+004	
8.49094200e+000	1.49368347e+004	
8.52867952e+000	1.48936063e+004	
8.56641704e+000	1.48503789e+004	
8.60415456e+000	1.48071526e+004	
8.64189208e+000	1.47639274e+004	
8.67962960e+000	1.47207032e+004	
8.71736712e+000	1.46774802e+004	
8.75510464e+000	1.46342583e+004	
8.79284216e+000	1.45910375e+004	
8.83057968e+000	1.45478179e+004	
8.86831720e+000	1.45045994e+004	
8.90605472e+000	1.44665991e+004	
8.94379224e+000	1.44520658e+004	
8.98152976e+000	1.44375326e+004	
9.01926728e+000	1.44229996e+004	
9.05700480e+000	1.44084668e+004	
9.09474232e+000	1.43939342e+004	
9.13247984e+000	1.43794018e+004	
9.17021736e+000	1.43648696e+004	
9.20795488e+000	1.43503375e+004	
9.24569240e+000	1.43358057e+004	
9.28342992e+000	1.43212741e+004	
9.32116744e+000	1.43067426e+004	
9.35890496e+000	1.42922114e+004	
9.39664248e+000	1.42776803e+004	
9.43438000e+000	1.42631495e+004	
9.47211752e+000	1.42486189e+004	
9.50985504e+000	1.42340884e+004	
9.54759256e+000	1.42195582e+004	
9.58533008e+000	1.42050281e+004	
9.62306760e+000	1.41904983e+004	
9.66080512e+000	1.41759686e+004	
9.69854264e+000	1.41614392e+004	
9.73628016e+000	1.41469099e+004	
9.77401768e+000	1.41316245e+004	
9.81175520e+000	1.41140646e+004	
9.84949272e+000	1.40965060e+004	
9.88723024e+000	1.40789489e+004	
9.92496776e+000	1.40613932e+004	
9.96270528e+000	1.40438390e+004	
1.00004428e+001	1.40262862e+004	
1.00381803e+001	1.40087348e+004	
1.00759178e+001	1.39911849e+004	
1.01136554e+001	1.39736365e+004	
1.01513929e+001	1.39560896e+004	
1.01891304e+001	1.39385441e+004	
1.02268679e+001	1.39210001e+004	
1.02646054e+001	1.39034576e+004	
1.03023430e+001	1.38859165e+004	
1.03400805e+001	1.38683770e+004	
1.03778180e+001	1.38508390e+004	
1.04155555e+001	1.38333024e+004	
1.04532930e+001	1.38157674e+004	
1.04910306e+001	1.37982339e+004	
1.05287681e+001	1.37807020e+004	
1.05665056e+001	1.37631715e+004	
1.06042431e+001	1.37456426e+004	
1.06419806e+001	1.37281153e+004	
1.06797182e+001	1.37105895e+004	
1.07174557e+001	1.36930652e+004	
1.07551932e+001	1.36755425e+004	
1.07929307e+001	1.36580214e+004	
1.08306682e+001	1.36405018e+004	
1.08684058e+001	1.36229839e+004	
1.09061433e+001	1.36054675e+004	
1.09438808e+001	1.35879527e+004	
1.09816183e+001	1.35704395e+004	
1.10193558e+001	1.35529279e+004	
1.10570934e+001	1.35354179e+004	
1.10948309e+001	1.35179095e+004	
1.11325684e+001	1.35004027e+004	
1.11703059e+001	1.34828976e+004	
1.12080434e+001	1.34653369e+004	
1.12457810e+001	1.34263776e+004	
1.12835185e+001	1.33874239e+004	
1.13212560e+001	1.33484759e+004	
1.13589935e+001	1.33095336e+004	
1.13967310e+001	1.32705971e+004	
1.14344686e+001	1.32316665e+004	
1.14722061e+001	1.31927418e+004	
1.15099436e+001	1.31538230e+004	
1.15476811e+001	1.31149102e+004	
1.15854186e+001	1.30760035e+004	
1.16231562e+001	1.30371028e+004	
1.16608937e+001	1.29982084e+004	
1.16986312e+001	1.29593202e+004	
1.17363687e+001	1.29204382e+004	
1.17741062e+001	1.28815626e+004	
1.18118438e+001	1.28465361e+004	
1.18495813e+001	1.28171740e+004	
1.18873188e+001	1.27878119e+004	
1.19250563e+001	1.27584498e+004	
1.19627938e+001	1.27290878e+004	
1.20005314e+001	1.26997258e+004	
1.20382689e+001	1.26703638e+004	
1.20760064e+001	1.26410018e+004	
1.21137439e+001	1.26116399e+004	
1.21514814e+001	1.25822779e+004	
1.21892190e+001	1.25529160e+004	
1.22269565e+001	1.25235541e+004	
1.22646940e+001	1.24941923e+004	
1.23024315e+001	1.24648304e+004	
1.23401690e+001	1.24354686e+004	
1.23779066e+001	1.24061068e+004	
1.24156441e+001	1.23767450e+004	
1.24533816e+001	1.23473832e+004	
1.24911191e+001	1.23180215e+004	
1.25288566e+001	1.22886597e+004	
1.25665942e+001	1.22592980e+004	
1.26043317e+001	1.22299364e+004	
1.26420692e+001	1.22005747e+004	
1.26798067e+001	1.21815967e+004	
1.27175442e+001	1.21629359e+004	
1.27552818e+001	1.21442759e+004	
1.27930193e+001	1.21256167e+004	
1.28307568e+001	1.21069584e+004	
1.28684943e+001	1.20883010e+004	
1.29062318e+001	1.20696443e+004	
1.29439694e+001	1.20509886e+004	
1.29817069e+001	1.20323337e+004	
1.30194444e+001	1.20136796e+004	
1.30571819e+001	1.19950265e+004	
1.30949194e+001	1.19763742e+004	
1.31326570e+001	1.19577227e+004	
1.31703945e+001	1.19390722e+004	
1.32081320e+001	1.19204225e+004	
1.32458695e+001	1.19017737e+004	
1.32836070e+001	1.18831259e+004	
1.33213446e+001	1.18644789e+004	
1.33590821e+001	1.18458328e+004	
1.33968196e+001	1.18271876e+004	
1.34345571e+001	1.18085433e+004	
1.34722946e+001	1.17898999e+004	
1.35100322e+001	1.17712575e+004	
1.35477697e+001	1.17526159e+004	
1.35855072e+001	1.17339753e+004	
1.36232447e+001	1.17153356e+004	
1.36609822e+001	1.16966969e+004	
1.36987198e+001	1.16780591e+004	
1.37364573e+001	1.16602847e+004	
1.37741948e+001	1.16488949e+004	
1.38119323e+001	1.16375101e+004	
1.38496698e+001	1.16261302e+004	
1.38874074e+001	1.16147553e+004	
1.39251449e+001	1.16033854e+004	
1.39628824e+001	1.15920206e+004	
1.40006199e+001	1.15806607e+004	
1.40383574e+001	1.15693060e+004	
1.40760950e+001	1.15579562e+004	
1.41138325e+001	1.15466116e+004	
1.41515700e+001	1.15352720e+004	
1.41893075e+001	1.15239376e+004	
1.42270450e+001	1.15085982e+004	
1.42647826e+001	1.14888487e+004	
1.43025201e+001	1.14691009e+004	
1.43402576e+001	1.14493547e+004	
1.43779951e+001	1.14296102e+004	
1.44157326e+001	1.14098673e+004	
1.44534702e+001	1.13901261e+004	
1.44912077e+001	1.13703866e+004	
1.45289452e+001	1.13506488e+004	
1.45666827e+001	1.13309127e+004	
1.46044202e+001	1.13111783e+004	
1.46421578e+001	1.12914456e+004	
1.46798953e+001	1.12717146e+004	
1.47176328e+001	1.12519854e+004	
1.47553703e+001	1.12322579e+004	
1.47931078e+001	1.12125321e+004	
1.48308454e+001	1.11928082e+004	
1.48685829e+001	1.11769097e+004	
1.49063204e+001	1.11613100e+004	
1.49440579e+001	1.11457122e+004	
1.49817954e+001	1.11301163e+004	
1.50195330e+001	1.11145222e+004	
1.50572705e+001	1.10989300e+004	
1.50950080e+001	1.10833398e+004	
1.51327455e+001	1.10677515e+004	
1.51704830e+001	1.10521651e+004	
1.52082206e+001	1.10365806e+004	
1.52459581e+001	1.10209981e+004	
1.52836956e+001	1.10054175e+004	
1.53214331e+001	1.09898389e+004	
1.53591706e+001	1.09742623e+004	
1.53969082e+001	1.09586876e+004	
1.54346457e+001	1.09431149e+004	
1.54723832e+001	1.09250718e+004	
1.55101207e+001	1.09065878e+004	
1.55478582e+001	1.08881039e+004	
1.55855958e+001	1.08696202e+004	
1.56233333e+001	1.08511366e+004	
1.56610708e+001	1.08326531e+004	
1.56988083e+001	1.08141698e+004	
1.57365458e+001	1.07956866e+004	
1.57742834e+001	1.07772036e+004	
1.58120209e+001	1.07587207e+004	
1.58497584e+001	1.07402380e+004	
1.58874959e+001	1.07217554e+004	
1.59252334e+001	1.07032729e+004	
1.59629710e+001	1.06847906e+004	
1.60007085e+001	1.06663084e+004	
1.60384460e+001	1.06478264e+004	
1.60761835e+001	1.06293446e+004	
1.61139210e+001	1.06108628e+004	
1.61516586e+001	1.05923813e+004	
1.61893961e+001	1.05738998e+004	
1.62271336e+001	1.05554186e+004	
1.62648711e+001	1.05369374e+004	
1.63026086e+001	1.05184565e+004	
1.63403462e+001	1.05026974e+004	
1.63780837e+001	1.04919936e+004	
1.64158212e+001	1.04812917e+004	
1.64535587e+001	1.04705917e+004	
1.64912962e+001	1.04598938e+004	
1.65290338e+001	1.04491978e+004	
1.65667713e+001	1.04385038e+004	
1.66045088e+001	1.04278118e+004	
1.66422463e+001	1.04171218e+004	
1.66799838e+001	1.04064338e+004	
1.67177214e+001	1.03957478e+004	
1.67554589e+001	1.03850638e+004	
1.67931964e+001	1.03743818e+004	
1.68309339e+001	1.03637019e+004	
1.68686714e+001	1.03530240e+004	
1.69064090e+001	1.03423481e+004	
1.69441465e+001	1.03316743e+004	
1.69818840e+001	1.03210025e+004	
1.70196215e+001	1.03103328e+004	
1.70573590e+001	1.02996652e+004	
1.70950966e+001	1.02889996e+004	
1.71328341e+001	1.02783361e+004	
1.71705716e+001	1.02676747e+004	
1.72083091e+001	1.02570154e+004	
1.72460466e+001	1.02441133e+004	
1.72837842e+001	1.02288132e+004	
1.73215217e+001	1.02135134e+004	
1.73592592e+001	1.01982138e+004	
1.73969967e+001	1.01829144e+004	
1.74347342e+001	1.01676152e+004	
1.74724718e+001	1.01523162e+004	
1.75102093e+001	1.01370175e+004	
1.75479468e+001	1.01217190e+004	
1.75856843e+001	1.01064207e+004	
1.76234218e+001	1.00911226e+004	
1.76611594e+001	1.00758248e+004	
1.76988969e+001	1.00605272e+004	
1.77366344e+001	1.00452298e+004	
1.77743719e+001	1.00299327e+004	
1.78121094e+001	1.00144034e+004	
1.78498470e+001	9.99681046e+003	
1.78875845e+001	9.97921830e+003	
1.79253220e+001	9.96162696e+003	
1.79630595e+001	9.94403647e+003	
1.80007970e+001	9.92644681e+003	
1.80385346e+001	9.90885799e+003	
1.80762721e+001	9.89127002e+003	
1.81140096e+001	9.87368290e+003	
1.81517471e+001	9.85609665e+003	
1.81894846e+001	9.83851125e+003	
1.82272222e+001	9.82092671e+003	
1.82649597e+001	9.80331547e+003	
1.83026972e+001	9.78524552e+003	
1.83404347e+001	9.76717644e+003	
1.83781722e+001	9.74910821e+003	
1.84159098e+001	9.73104086e+003	
1.84536473e+001	9.71297437e+003	
1.84913848e+001	9.69490877e+003	
1.85291223e+001	9.67684405e+003	
1.85668598e+001	9.65878023e+003	
1.86045974e+001	9.64071729e+003	
1.86423349e+001	9.62265525e+003	
1.86800724e+001	9.60459412e+003	
1.87178099e+001	9.58653390e+003	
1.87555474e+001	9.56847459e+003	
1.87932850e+001	9.55041620e+003	
1.88310225e+001	9.53235873e+003	
1.88687600e+001	9.51430220e+003	
1.89064975e+001	9.49624660e+003	
1.89442350e+001	9.47819194e+003	
1.89819726e+001	9.46013823e+003	
1.90197101e+001	9.44208547e+003	
1.90574476e+001	9.42403366e+003	
1.90951851e+001	9.40598282e+003	
1.91329226e+001	9.38882927e+003	
1.91706602e+001	9.37638677e+003	
1.92083977e+001	9.36394607e+003	
1.92461352e+001	9.35150717e+003	
1.92838727e+001	9.33907007e+003	
1.93216102e+001	9.32663478e+003	
1.93593478e+001	9.31420131e+003	
1.93970853e+001	9.30176967e+003	
1.94348228e+001	9.28933986e+003	
1.94725603e+001	9.27691189e+003	
1.95102978e+001	9.26448578e+003	
1.95480354e+001	9.25206151e+003	
1.95857729e+001	9.23963912e+003	
1.96235104e+001	9.22721859e+003	
1.96612479e+001	9.21479994e+003	
1.96989854e+001	9.20238318e+003	
1.97367230e+001	9.18996831e+003	
1.97744605e+001	9.17755535e+003	
1.98121980e+001	9.16514429e+003	
1.98499355e+001	9.15273515e+003	
1.98876730e+001	9.14032794e+003	
1.99254106e+001	9.12802220e+003	
1.99631481e+001	9.11615842e+003	
2.00008856e+001	9.10429473e+003	
2.00386231e+001	9.09243112e+003	
2.00763606e+001	9.08056759e+003	
2.01140982e+001	9.06870415e+003	
2.01518357e+001	9.05684079e+003	
2.01895732e+001	9.04497751e+003	
2.02273107e+001	9.03311432e+003	
2.02650482e+001	9.02125121e+003	
2.03027858e+001	9.00938819e+003	
2.03405233e+001	8.99752525e+003	
2.03782608e+001	8.98566240e+003	
2.04159983e+001	8.97379963e+003	
2.04537358e+001	8.96193695e+003	
2.04914734e+001	8.95007436e+003	
2.05292109e+001	8.93821185e+003	
2.05669484e+001	8.92634943e+003	
2.06046859e+001	8.91448710e+003	
2.06424234e+001	8.90262486e+003	
2.06801610e+001	8.89076270e+003	
2.07178985e+001	8.87890064e+003	
2.07556360e+001	8.86703866e+003	
2.07933735e+001	8.85509343e+003	
2.08311110e+001	8.84223249e+003	
2.08688486e+001	8.82937183e+003	
2.09065861e+001	8.81651146e+003	
2.09443236e+001	8.80365138e+003	
2.09820611e+001	8.79079159e+003	
2.10197986e+001	8.77793209e+003	
2.10575362e+001	8.76507289e+003	
2.10952737e+001	8.75221397e+003	
2.11330112e+001	8.73935536e+003	
2.11707487e+001	8.72649704e+003	
2.12084862e+001	8.71363902e+003	
2.12462238e+001	8.70078130e+003	
2.12839613e+001	8.68792387e+003	
2.13216988e+001	8.67506676e+003	
2.13594363e+001	8.66220994e+003	
2.13971738e+001	8.64935343e+003	
2.14349114e+001	8.63649722e+003	
2.14726489e+001	8.62364133e+003	
2.15103864e+001	8.61078574e+003	
2.15481239e+001	8.59793046e+003	
2.15858614e+001	8.58507549e+003	
2.16235990e+001	8.57222084e+003	
2.16613365e+001	8.55936650e+003	
2.16990740e+001	8.54651248e+003	
2.17368115e+001	8.53365877e+003	
2.17745490e+001	8.52080538e+003	
2.18122866e+001	8.50795231e+003	
2.18500241e+001	8.49509957e+003	
2.18877616e+001	8.48224714e+003	
2.19254991e+001	8.46939505e+003	
2.19632366e+001	8.45654327e+003	
2.20009742e+001	8.44369183e+003	
2.20387117e+001	8.43084071e+003	
2.20764492e+001	8.41798993e+003	
2.21141867e+001	8.40513947e+003	
2.21519242e+001	8.39228935e+003	
2.21896618e+001	8.37943957e+003	
2.22273993e+001	8.36659012e+003	
2.22651368e+001	8.35374101e+003	
2.23028743e+001	8.34089224e+003	
2.23406118e+001	8.32804381e+003	
2.23783494e+001	8.31519573e+003	
2.24160869e+001	8.30234798e+003	
2.24538244e+001	8.28950059e+003	
2.24915619e+001	8.27665354e+003	
2.25292994e+001	8.26380684e+003	
2.25670370e+001	8.25096050e+003	
2.26047745e+001	8.23796893e+003	
2.26425120e+001	8.22426977e+003	
2.26802495e+001	8.21277540e+003	
2.27179870e+001	8.20431579e+003	
2.27557246e+001	8.19585631e+003	
2.27934621e+001	8.18739695e+003	
2.28311996e+001	8.17893772e+003	
2.28689371e+001	8.17046676e+003	
2.29066746e+001	8.16190664e+003	
2.29444122e+001	8.15334654e+003	
2.29821497e+001	8.14478646e+003	
2.30198872e+001	8.13622640e+003	
2.30576247e+001	8.12766636e+003	
2.30953622e+001	8.11910634e+003	
2.31330998e+001	8.11054633e+003	
2.31708373e+001	8.10198635e+003	
2.32085748e+001	8.09342638e+003	
2.32463123e+001	8.08486643e+003	
2.32840498e+001	8.07630651e+003	
2.33217874e+001	8.06774660e+003	
2.33595249e+001	8.05918671e+003	
2.33972624e+001	8.05062684e+003	
2.34349999e+001	8.04206699e+003	
2.34727374e+001	8.03350716e+003	
2.35104750e+001	8.02494735e+003	
2.35482125e+001	8.01638755e+003	
2.35859500e+001	8.00782778e+003	
2.36236875e+001	7.99926803e+003	
2.36614250e+001	7.99070830e+003	
2.36991626e+001	7.98214858e+003	
2.37369001e+001	7.97358889e+003	
2.37746376e+001	7.96502922e+003	
2.38123751e+001	7.95646956e+003	
2.38501126e+001	7.94790993e+003	
2.38878502e+001	7.93935032e+003	
2.39255877e+001	7.93079073e+003	
2.39633252e+001	7.92223115e+003	
2.40010627e+001	7.91367160e+003	
2.40388002e+001	7.90511207e+003	
2.40765378e+001	7.89655256e+003	
2.41142753e+001	7.88799307e+003	
2.41520128e+001	7.87943360e+003	
2.41897503e+001	7.87087415e+003	
2.42274878e+001	7.86231472e+003	
2.42652254e+001	7.85375532e+003	
2.43029629e+001	7.84519593e+003	
2.43407004e+001	7.83663656e+003	
2.43784379e+001	7.82807722e+003	
2.44161754e+001	7.81951790e+003	
2.44539130e+001	7.81095859e+003	
2.44916505e+001	7.79947919e+003	
2.45293880e+001	7.78632195e+003	
2.45671255e+001	7.77317042e+003	
2.46048630e+001	7.76002461e+003	
2.46426006e+001	7.74688457e+003	
2.46803381e+001	7.73375033e+003	
2.47180756e+001	7.72062190e+003	
2.47558131e+001	7.70749932e+003	
2.47935506e+001	7.69438262e+003	
2.48312882e+001	7.68122620e+003	
2.48690257e+001	7.66728861e+003	
2.49067632e+001	7.65335112e+003	
2.49445007e+001	7.63941372e+003	
2.49822382e+001	7.62547641e+003	
2.50199758e+001	7.61153920e+003	
2.50577133e+001	7.59760209e+003	
2.50954508e+001	7.58366507e+003	
2.51331883e+001	7.56972816e+003	
2.51709258e+001	7.55579134e+003	
2.52086634e+001	7.54185461e+003	
2.52464009e+001	7.52791799e+003	
2.52841384e+001	7.51398146e+003	
2.53218759e+001	7.50004504e+003	
2.53596134e+001	7.48610872e+003	
2.53973510e+001	7.47217249e+003	
2.54350885e+001	7.45823637e+003	
2.54728260e+001	7.44430035e+003	
2.55105635e+001	7.43036444e+003	
2.55483010e+001	7.41642863e+003	
2.55860386e+001	7.40249292e+003	
2.56237761e+001	7.38855731e+003	
2.56615136e+001	7.37462182e+003	
2.56992511e+001	7.36068642e+003	
2.57369886e+001	7.34675114e+003	
2.57747262e+001	7.33281596e+003	
2.58124637e+001	7.31888089e+003	
2.58502012e+001	7.30494592e+003	
2.58879387e+001	7.29101107e+003	
2.59256762e+001	7.27740518e+003	
2.59634138e+001	7.26398202e+003	
2.60011513e+001	7.25055986e+003	
2.60388888e+001	7.23713871e+003	
2.60766263e+001	7.22371857e+003	
2.61143638e+001	7.21029944e+003	
2.61521014e+001	7.19688134e+003	
2.61898389e+001	7.18346427e+003	
2.62275764e+001	7.17004823e+003	
2.62653139e+001	7.15663323e+003	
2.63030514e+001	7.14321928e+003	
2.63407890e+001	7.12980638e+003	
2.63785265e+001	7.11639454e+003	
2.64162640e+001	7.10298376e+003	
2.64540015e+001	7.08957405e+003	
2.64917390e+001	7.07616542e+003	
2.65294766e+001	7.06275787e+003	
2.65672141e+001	7.05026783e+003	
2.66049516e+001	7.04149971e+003	
2.66426891e+001	7.03273244e+003	
2.66804266e+001	7.02396603e+003	
2.67181642e+001	7.01520047e+003	
2.67559017e+001	7.00643577e+003	
2.67936392e+001	6.99767194e+003	
2.68313767e+001	6.98890898e+003	
2.68691142e+001	6.98014689e+003	
2.69068518e+001	6.97138567e+003	
2.69445893e+001	6.96262533e+003	
2.69823268e+001	6.95386587e+003	
2.70200643e+001	6.94510729e+003	
2.70578018e+001	6.93634961e+003	
2.70955394e+001	6.92759281e+003	
2.71332769e+001	6.91883691e+003	
2.71710144e+001	6.91008190e+003	
2.72087519e+001	6.90132780e+003	
2.72464894e+001	6.89257460e+003	
2.72842270e+001	6.88382231e+003	
2.73219645e+001	6.87507094e+003	
2.73597020e+001	6.86632047e+003	
2.73974395e+001	6.85757093e+003	
2.74351770e+001	6.84882231e+003	
2.74729146e+001	6.84007461e+003	
2.75106521e+001	6.83132784e+003	
2.75483896e+001	6.82258201e+003	
2.75861271e+001	6.81383711e+003	
2.76238646e+001	6.80509315e+003	
2.76616022e+001	6.79635013e+003	
2.76993397e+001	6.78760807e+003	
2.77370772e+001	6.77886695e+003	
2.77748147e+001	6.77014121e+003	
2.78125522e+001	6.76169725e+003	
2.78502898e+001	6.75325482e+003	
2.78880273e+001	6.74481392e+003	
2.79257648e+001	6.73637456e+003	
2.79635023e+001	6.72793675e+003	
2.80012398e+001	6.71950050e+003	
2.80389774e+001	6.71106580e+003	
2.80767149e+001	6.70263267e+003	
2.81144524e+001	6.69420111e+003	
2.81521899e+001	6.68577113e+003	
2.81899274e+001	6.67734273e+003	
2.82276650e+001	6.66891592e+003	
2.82654025e+001	6.66049071e+003	
2.83031400e+001	6.65206710e+003	
2.83408775e+001	6.64364509e+003	
2.83786150e+001	6.63522470e+003	
2.84163526e+001	6.62680593e+003	
2.84540901e+001	6.61838878e+003	
2.84918276e+001	6.60997327e+003	
2.85295651e+001	6.60155939e+003	
2.85673026e+001	6.59314716e+003	
2.86050402e+001	6.58473658e+003	
2.86427777e+001	6.57632765e+003	
2.86805152e+001	6.56792039e+003	
2.87182527e+001	6.55951480e+003	
2.87559902e+001	6.55111089e+003	
2.87937278e+001	6.54270866e+003	
2.88314653e+001	6.53430812e+003	
2.88692028e+001	6.52590927e+003	
2.89069403e+001	6.51742588e+003	
2.89446778e+001	6.50764862e+003	
2.89824154e+001	6.49787252e+003	
2.90201529e+001	6.48809759e+003	
2.90578904e+001	6.47832384e+003	
2.90956279e+001	6.46855127e+003	
2.91333654e+001	6.45877988e+003	
2.91711030e+001	6.44900969e+003	
2.92088405e+001	6.43924069e+003	
2.92465780e+001	6.42947289e+003	
2.92843155e+001	6.41970630e+003	
2.93220530e+001	6.40994092e+003	
2.93597906e+001	6.40017675e+003	
2.93975281e+001	6.39032987e+003	
2.94352656e+001	6.38036980e+003	
2.94730031e+001	6.37040977e+003	
2.95107406e+001	6.36044979e+003	
2.95484782e+001	6.35048984e+003	
2.95862157e+001	6.34052993e+003	
2.96239532e+001	6.33057007e+003	
2.96616907e+001	6.32061025e+003	
2.96994282e+001	6.31065047e+003	
2.97371658e+001	6.30069073e+003	
2.97749033e+001	6.29073103e+003	
2.98126408e+001	6.28067714e+003	
2.98503783e+001	6.26934421e+003	
2.98881158e+001	6.25801210e+003	
2.99258534e+001	6.24668081e+003	
2.99635909e+001	6.23535035e+003	
3.00013284e+001	6.22402071e+003	
3.00390659e+001	6.21269192e+003	
3.00768034e+001	6.20136397e+003	
3.01145410e+001	6.19003686e+003	
3.01522785e+001	6.17871060e+003	
3.01900160e+001	6.16738519e+003	
3.02277535e+001	6.15606065e+003	
3.02654910e+001	6.14473697e+003	
3.03032286e+001	6.13341416e+003	
3.03409661e+001	6.12209222e+003	
3.03787036e+001	6.11077116e+003	
3.04164411e+001	6.09945098e+003	
3.04541786e+001	6.08813169e+003	
3.04919162e+001	6.07681330e+003	
3.05296537e+001	6.06549580e+003	
3.05673912e+001	6.05417921e+003	
3.06051287e+001	6.04286353e+003	
3.06428662e+001	6.03154876e+003	
3.06806038e+001	6.02023490e+003	
3.07183413e+001	6.00892198e+003	
3.07560788e+001	5.99760998e+003	
3.07938163e+001	5.98629891e+003	
3.08315538e+001	5.97498879e+003	
3.08692914e+001	5.96367961e+003	
3.09070289e+001	5.95237138e+003	
3.09447664e+001	5.94158127e+003	
3.09825039e+001	5.93278212e+003	
3.10202414e+001	5.92398303e+003	
3.10579790e+001	5.91518402e+003	
3.10957165e+001	5.90638507e+003	
3.11334540e+001	5.89758620e+003	
3.11711915e+001	5.88878739e+003	
3.12089290e+001	5.87998866e+003	
3.12466666e+001	5.87119000e+003	
3.12844041e+001	5.86239142e+003	
3.13221416e+001	5.85359290e+003	
3.13598791e+001	5.84479446e+003	
3.13976166e+001	5.83599609e+003	
3.14353542e+001	5.82719780e+003	
3.14730917e+001	5.81839958e+003	
3.15108292e+001	5.80960143e+003	
3.15485667e+001	5.80072528e+003	
3.15863042e+001	5.79183369e+003	
3.16240418e+001	5.78294254e+003	
3.16617793e+001	5.77405182e+003	
3.16995168e+001	5.76516154e+003	
3.17372543e+001	5.75627169e+003	
3.17749918e+001	5.74738228e+003	
3.18127294e+001	5.73849332e+003	
3.18504669e+001	5.72960480e+003	
3.18882044e+001	5.72071673e+003	
3.19259419e+001	5.71182911e+003	
3.19636794e+001	5.70294194e+003	
3.20014170e+001	5.69405522e+003	
3.20391545e+001	5.68516896e+003	
3.20768920e+001	5.67628315e+003	
3.21146295e+001	5.66739780e+003	
3.21523670e+001	5.65851292e+003	
3.21901046e+001	5.64962849e+003	
3.22278421e+001	5.64074454e+003	
3.22655796e+001	5.63186105e+003	
3.23033171e+001	5.62297803e+003	
3.23410546e+001	5.61379304e+003	
3.23787922e+001	5.60421659e+003	
3.24165297e+001	5.59464096e+003	
3.24542672e+001	5.58506616e+003	
3.24920047e+001	5.57549219e+003	
3.25297422e+001	5.56591907e+003	
3.25674798e+001	5.55634678e+003	
3.26052173e+001	5.54677534e+003	
3.26429548e+001	5.53720475e+003	
3.26806923e+001	5.52763502e+003	
3.27184298e+001	5.51806615e+003	
3.27561674e+001	5.50849814e+003	
3.27939049e+001	5.49893100e+003	
3.28316424e+001	5.48936473e+003	
3.28693799e+001	5.47979934e+003	
3.29071174e+001	5.47023483e+003	
3.29448550e+001	5.46067121e+003	
3.29825925e+001	5.45110848e+003	
3.30203300e+001	5.44154665e+003	
3.30580675e+001	5.43198572e+003	
3.30958050e+001	5.42242570e+003	
3.31335426e+001	5.41286658e+003	
3.31712801e+001	5.40330838e+003	
3.32090176e+001	5.39375110e+003	
3.32467551e+001	5.38419475e+003	
3.32844926e+001	5.37444550e+003	
3.33222302e+001	5.36469010e+003	
3.33599677e+001	5.35493495e+003	
3.33977052e+001	5.34518007e+003	
3.34354427e+001	5.33542545e+003	
3.34731802e+001	5.32567109e+003	
3.35109178e+001	5.31591700e+003	
3.35486553e+001	5.30616318e+003	
3.35863928e+001	5.29640963e+003	
3.36241303e+001	5.28665635e+003	
3.36618678e+001	5.27690334e+003	
3.36996054e+001	5.26715061e+003	
3.37373429e+001	5.25739816e+003	
3.37750804e+001	5.24771920e+003	
3.38128179e+001	5.23806919e+003	
3.38505554e+001	5.22841982e+003	
3.38882930e+001	5.21877108e+003	
3.39260305e+001	5.20912299e+003	
3.39637680e+001	5.19947554e+003	
3.40015055e+001	5.18982875e+003	
3.40392430e+001	5.18018261e+003	
3.40769806e+001	5.17053713e+003	
3.41147181e+001	5.16089230e+003	
3.41524556e+001	5.15124815e+003	
3.41901931e+001	5.14160466e+003	
3.42279306e+001	5.13196185e+003	
3.42656682e+001	5.12231971e+003	
3.43034057e+001	5.11267825e+003	
3.43411432e+001	5.10303747e+003	
3.43788807e+001	5.09339739e+003	
3.44166182e+001	5.08375799e+003	
3.44543558e+001	5.07411930e+003	
3.44920933e+001	5.06448130e+003	
3.45298308e+001	5.05484400e+003	
3.45675683e+001	5.04520742e+003	
3.46053058e+001	5.03557154e+003	
3.46430434e+001	5.02593638e+003	
3.46807809e+001	5.01630194e+003	
3.47185184e+001	5.00666823e+003	
3.47562559e+001	4.99703524e+003	
3.47939934e+001	4.98740299e+003	
3.48317310e+001	4.97777147e+003	
3.48694685e+001	4.96814070e+003	
3.49072060e+001	4.95851067e+003	
3.49449435e+001	4.94824742e+003	
3.49826810e+001	4.93788822e+003	
3.50204186e+001	4.92752905e+003	
3.50581561e+001	4.91716989e+003	
3.50958936e+001	4.90681076e+003	
3.51336311e+001	4.89645164e+003	
3.51713686e+001	4.88609254e+003	
3.52091062e+001	4.87573346e+003	
3.52468437e+001	4.86537440e+003	
3.52845812e+001	4.85501535e+003	
3.53223187e+001	4.84465633e+003	
3.53600562e+001	4.83429733e+003	
3.53977938e+001	4.82500523e+003	
3.54355313e+001	4.81614268e+003	
3.54732688e+001	4.80728014e+003	
3.55110063e+001	4.79841764e+003	
3.55487438e+001	4.78955516e+003	
3.55864814e+001	4.78069271e+003	
3.56242189e+001	4.77183028e+003	
3.56619564e+001	4.76296788e+003	
3.56996939e+001	4.75410550e+003	
3.57374314e+001	4.74524315e+003	
3.57751690e+001	4.73638083e+003	
3.58129065e+001	4.72751853e+003	
3.58506440e+001	4.71865626e+003	
3.58883815e+001	4.70979402e+003	
3.59261190e+001	4.70093181e+003	
3.59638566e+001	4.69206962e+003	
3.60015941e+001	4.68320746e+003	
3.60393316e+001	4.67434533e+003	
3.60770691e+001	4.66548322e+003	
3.61148066e+001	4.65662114e+003	
3.61525442e+001	4.64775910e+003	
3.61902817e+001	4.63889707e+003	
3.62280192e+001	4.63003508e+003	
3.62657567e+001	4.62117312e+003	
3.63034942e+001	4.61231118e+003	
3.63412318e+001	4.60344928e+003	
3.63789693e+001	4.59458740e+003	
3.64167068e+001	4.58572555e+003	
3.64544443e+001	4.57686373e+003	
3.64921818e+001	4.56800195e+003	
3.65299194e+001	4.55914019e+003	
3.65676569e+001	4.55027846e+003	
3.66053944e+001	4.54141676e+003	
3.66431319e+001	4.53255509e+003	
3.66808694e+001	4.52369345e+003	
3.67186070e+001	4.51483184e+003	
3.67563445e+001	4.50597027e+003	
3.67940820e+001	4.49710872e+003	
3.68318195e+001	4.48824721e+003	
3.68695570e+001	4.47938572e+003	
3.69072946e+001	4.47073941e+003	
3.69450321e+001	4.46278564e+003	
3.69827696e+001	4.45483199e+003	
3.70205071e+001	4.44687846e+003	
3.70582446e+001	4.43638641e+003	
3.70959822e+001	4.42643288e+003	
3.71337197e+001	4.42096416e+003	
3.71714572e+001	4.41549578e+003	
3.72091947e+001	4.41002773e+003	
3.72469322e+001	4.40456003e+003	
3.72846698e+001	4.39909266e+003	
3.73224073e+001	4.39362564e+003	
3.73601448e+001	4.38815896e+003	
3.73978823e+001	4.38269262e+003	
3.74356198e+001	4.37643486e+003	
3.74733574e+001	4.37007089e+003	
3.75110949e+001	4.36370724e+003	
3.75488324e+001	4.35734390e+003	
3.75865699e+001	4.35098088e+003	
3.76243074e+001	4.34461817e+003	
3.76620450e+001	4.33825578e+003	
3.76997825e+001	4.33189370e+003	
3.77375200e+001	4.32553195e+003	
3.77752575e+001	4.31917052e+003	
3.78129950e+001	4.31280940e+003	
3.78507326e+001	4.30644862e+003	
3.78884701e+001	4.30008815e+003	
3.79262076e+001	4.29372802e+003	
3.79639451e+001	4.28736821e+003	
3.80016827e+001	4.28100873e+003	
3.80394202e+001	4.27464959e+003	
3.80771577e+001	4.26829077e+003	
3.81148952e+001	4.26193229e+003	
3.81526327e+001	4.25557415e+003	
3.81903703e+001	4.24921634e+003	
3.82281078e+001	4.24285887e+003	
3.82658453e+001	4.23650174e+003	
3.83035828e+001	4.23014495e+003	
3.83413203e+001	4.22378851e+003	
3.83790579e+001	4.21743241e+003	
3.84167954e+001	4.21107666e+003	
3.84545329e+001	4.20472125e+003	
3.84922704e+001	4.19836620e+003	
3.85300079e+001	4.19201149e+003	
3.85677455e+001	4.18565714e+003	
3.86054830e+001	4.17930314e+003	
3.86432205e+001	4.17294950e+003	
3.86809580e+001	4.16659621e+003	
3.87186955e+001	4.16024329e+003	
3.87564331e+001	4.15389072e+003	
3.87941706e+001	4.14753852e+003	
3.88319081e+001	4.14118668e+003	
3.88696456e+001	4.13483521e+003	
3.89073831e+001	4.12848410e+003	
3.89451207e+001	4.12213337e+003	
3.89828582e+001	4.11578300e+003	
3.90205957e+001	4.10774561e+003	
3.90583332e+001	4.09968258e+003	
3.90960707e+001	4.09161955e+003	
3.91338083e+001	4.08355652e+003	
3.91715458e+001	4.07549349e+003	
3.92092833e+001	4.06743046e+003	
3.92470208e+001	4.05936743e+003	
3.92847583e+001	4.05130440e+003	
3.93224959e+001	4.04324137e+003	
3.93602334e+001	4.03517834e+003	
3.93979709e+001	4.02711531e+003	
3.94357084e+001	4.01759477e+003	
3.94734459e+001	4.00707830e+003	
3.95111835e+001	3.99656635e+003	
3.95489210e+001	3.98605895e+003	
3.95866585e+001	3.97555614e+003	
3.96243960e+001	3.96505796e+003	
3.96621335e+001	3.95456444e+003	
3.96998711e+001	3.94407563e+003	
3.97376086e+001	3.93359155e+003	
3.97753461e+001	3.92311225e+003	
3.98130836e+001	3.91263776e+003	
3.98508211e+001	3.90216813e+003	
3.98885587e+001	3.89170338e+003	
3.99262962e+001	3.88124358e+003	
3.99640337e+001	3.87078874e+003	
4.00017712e+001	3.86033892e+003	
4.00395087e+001	3.84769765e+003	
4.00772463e+001	3.83471510e+003	
4.01149838e+001	3.82173411e+003	
4.01527213e+001	3.80875469e+003	
4.01904588e+001	3.79577687e+003	
4.02281963e+001	3.78280065e+003	
4.02659339e+001	3.76982605e+003	
4.03036714e+001	3.75685310e+003	
4.03414089e+001	3.74388180e+003	
4.03791464e+001	3.73091218e+003	
4.04168839e+001	3.71794424e+003	
4.04546215e+001	3.70497802e+003	
4.04923590e+001	3.69359457e+003	
4.05300965e+001	3.68362442e+003	
4.05678340e+001	3.67365554e+003	
4.06055715e+001	3.66368792e+003	
4.06433091e+001	3.65372158e+003	
4.06810466e+001	3.64375653e+003	
4.07187841e+001	3.63379278e+003	
4.07565216e+001	3.62358876e+003	
4.07942591e+001	3.61322431e+003	
4.08319967e+001	3.60286011e+003	
4.08697342e+001	3.59249616e+003	
4.09074717e+001	3.58213247e+003	
4.09452092e+001	3.57176904e+003	
4.09829467e+001	3.56140587e+003	
4.10206843e+001	3.55104296e+003	
4.10584218e+001	3.54068032e+003	
4.10961593e+001	3.53031795e+003	
4.11338968e+001	3.51995585e+003	
4.11716343e+001	3.50959402e+003	
4.12093719e+001	3.49923247e+003	
4.12471094e+001	3.48887119e+003	
4.12848469e+001	3.47851019e+003	
4.13225844e+001	3.46814948e+003	
4.13603219e+001	3.45778905e+003	
4.13980595e+001	3.44742891e+003	
4.14357970e+001	3.43706906e+003	
4.14735345e+001	3.42670951e+003	
4.15112720e+001	3.41635025e+003	
4.15490095e+001	3.40599128e+003	
4.15867471e+001	3.39563262e+003	
4.16244846e+001	3.38527427e+003	
4.16622221e+001	3.37491622e+003	
4.16999596e+001	3.36455848e+003	
4.17376971e+001	3.35420105e+003	
4.17754347e+001	3.34384394e+003	
4.18131722e+001	3.33348714e+003	
4.18509097e+001	3.32313067e+003	
4.18886472e+001	3.31277452e+003	
4.19263847e+001	3.30242653e+003	
4.19641223e+001	3.29283374e+003	
4.20018598e+001	3.28324196e+003	
4.20395973e+001	3.27365122e+003	
4.20773348e+001	3.26406151e+003	
4.21150723e+001	3.25447285e+003	
4.21528099e+001	3.24488524e+003	
4.21905474e+001	3.23529870e+003	
4.22282849e+001	3.22571324e+003	
4.22660224e+001	3.21612886e+003	
4.23037599e+001	3.20823518e+003	
4.23414975e+001	3.20137976e+003	
4.23792350e+001	3.19452445e+003	
4.24169725e+001	3.18766926e+003	
4.24547100e+001	3.18081416e+003	
4.24924475e+001	3.17395918e+003	
4.25301851e+001	3.16710431e+003	
4.25679226e+001	3.16024955e+003	
4.26056601e+001	3.15339491e+003	
4.26433976e+001	3.14654037e+003	
4.26811351e+001	3.13968595e+003	
4.27188727e+001	3.13283164e+003	
4.27566102e+001	3.12597745e+003	
4.27943477e+001	3.11912337e+003	
4.28320852e+001	3.11226941e+003	
4.28698227e+001	3.10541557e+003	
4.29075603e+001	3.09856184e+003	
4.29452978e+001	3.09170823e+003	
4.29830353e+001	3.08485475e+003	
4.30207728e+001	3.07800138e+003	
4.30585103e+001	3.07114813e+003	
4.30962479e+001	3.06429501e+003	
4.31339854e+001	3.05744200e+003	
4.31717229e+001	3.05058913e+003	
4.32094604e+001	3.04373637e+003	
4.32471979e+001	3.03688374e+003	
4.32849355e+001	3.03003124e+003	
4.33226730e+001	3.02317886e+003	
4.33604105e+001	3.01632661e+003	
4.33981480e+001	3.00861236e+003	
4.34358855e+001	2.99845031e+003	
4.34736231e+001	2.98828855e+003	
4.35113606e+001	2.97812707e+003	
4.35490981e+001	2.96796588e+003	
4.35868356e+001	2.95780498e+003	
4.36245731e+001	2.94764438e+003	
4.36623107e+001	2.93748407e+003	
4.37000482e+001	2.92732407e+003	
4.37377857e+001	2.91716437e+003	
4.37755232e+001	2.90700498e+003	
4.38132607e+001	2.89684590e+003	
4.38509983e+001	2.88668713e+003	
4.38887358e+001	2.87652868e+003	
4.39264733e+001	2.86637056e+003	
4.39642108e+001	2.85621275e+003	
4.40019483e+001	2.84559253e+003	
4.40396859e+001	2.83474598e+003	
4.40774234e+001	2.82389965e+003	
4.41151609e+001	2.81305351e+003	
4.41528984e+001	2.80220759e+003	
4.41906359e+001	2.79136187e+003	
4.42283735e+001	2.78051637e+003	
4.42661110e+001	2.76967108e+003	
4.43038485e+001	2.75882602e+003	
4.43415860e+001	2.74798117e+003	
4.43793235e+001	2.73713654e+003	
4.44170611e+001	2.72629214e+003	
4.44547986e+001	2.71544797e+003	
4.44925361e+001	2.70460403e+003	
4.45302736e+001	2.69376032e+003	
4.45680111e+001	2.68291685e+003	
4.46057487e+001	2.67207362e+003	
4.46434862e+001	2.66123063e+003	
4.46812237e+001	2.65038789e+003	
4.47189612e+001	2.64119975e+003	
4.47566987e+001	2.63346928e+003	
4.47944363e+001	2.62573931e+003	
4.48321738e+001	2.61800985e+003	
4.48699113e+001	2.61028090e+003	
4.49076488e+001	2.60255246e+003	
4.49453863e+001	2.59482455e+003	
4.49831239e+001	2.58709715e+003	
4.50208614e+001	2.57937029e+003	
4.50585989e+001	2.57164396e+003	
4.50963364e+001	2.56391816e+003	
4.51340739e+001	2.55619291e+003	
4.51718115e+001	2.54846821e+003	
4.52095490e+001	2.54074407e+003	
4.52472865e+001	2.53302048e+003	
4.52850240e+001	2.52529745e+003	
4.53227615e+001	2.51757499e+003	
4.53604991e+001	2.50985311e+003	
4.53982366e+001	2.50213180e+003	
4.54359741e+001	2.49523207e+003	
4.54737116e+001	2.48946885e+003	
4.55114491e+001	2.48370581e+003	
4.55491867e+001	2.47794294e+003	
4.55869242e+001	2.47218025e+003	
4.56246617e+001	2.46641773e+003	
4.56623992e+001	2.46065538e+003	
4.57001367e+001	2.45489322e+003	
4.57378743e+001	2.44913123e+003	
4.57756118e+001	2.44336942e+003	
4.58133493e+001	2.43760780e+003	
4.58510868e+001	2.43184636e+003	
4.58888243e+001	2.42608510e+003	
4.59265619e+001	2.42032403e+003	
4.59642994e+001	2.41456314e+003	
4.60020369e+001	2.40880245e+003	
4.60397744e+001	2.40304194e+003	
4.60775119e+001	2.39728162e+003	
4.61152495e+001	2.39152150e+003	
4.61529870e+001	2.38576157e+003	
4.61907245e+001	2.38000183e+003	
4.62284620e+001	2.37424230e+003	
4.62661995e+001	2.36848295e+003	
4.63039371e+001	2.36272381e+003	
4.63416746e+001	2.35696487e+003	
4.63794121e+001	2.35120614e+003	
4.64171496e+001	2.34544760e+003	
4.64548871e+001	2.33968927e+003	
4.64926247e+001	2.33393115e+003	
4.65303622e+001	2.32817324e+003	
4.65680997e+001	2.32241554e+003	
4.66058372e+001	2.31665804e+003	
4.66435747e+001	2.31090077e+003	
4.66813123e+001	2.30514370e+003	
4.67190498e+001	2.29938685e+003	
4.67567873e+001	2.29363022e+003	
4.67945248e+001	2.28787381e+003	
4.68322623e+001	2.28211763e+003	
4.68699999e+001	2.27345861e+003	
4.69077374e+001	2.26415466e+003	
4.69454749e+001	2.25485127e+003	
4.69832124e+001	2.24554845e+003	
4.70209499e+001	2.23624620e+003	
4.70586875e+001	2.22694454e+003	
4.70964250e+001	2.21764348e+003	
4.71341625e+001	2.20834301e+003	
4.71719000e+001	2.19904315e+003	
4.72096375e+001	2.18974390e+003	
4.72473751e+001	2.18044527e+003	
4.72851126e+001	2.17114728e+003	
4.73228501e+001	2.16184992e+003	
4.73605876e+001	2.15255321e+003	
4.73983251e+001	2.14325716e+003	
4.74360627e+001	2.13396176e+003	
4.74738002e+001	2.12466704e+003	
4.75115377e+001	2.11493274e+003	
4.75492752e+001	2.10303682e+003	
4.75870127e+001	2.09114091e+003	
4.76247503e+001	2.07924499e+003	
4.76624878e+001	2.06734908e+003	
4.77002253e+001	2.05545318e+003	
4.77379628e+001	2.04355728e+003	
4.77757003e+001	2.03166138e+003	
4.78134379e+001	2.01976549e+003	
4.78511754e+001	2.00786960e+003	
4.78889129e+001	1.99597371e+003	
4.79266504e+001	1.98407784e+003	
4.79643879e+001	1.97218196e+003	
4.80021255e+001	1.96028609e+003	
4.80398630e+001	1.94839022e+003	
4.80776005e+001	1.93649436e+003	
4.81153380e+001	1.92459851e+003	
4.81530755e+001	1.91270265e+003	
4.81908131e+001	1.90080681e+003	
4.82285506e+001	1.88891097e+003	
4.82662881e+001	1.87701513e+003	
4.83040256e+001	1.86511930e+003	
4.83417631e+001	1.85322348e+003	
4.83795007e+001	1.84132766e+003	
4.84172382e+001	1.82943184e+003	
4.84549757e+001	1.81753603e+003	
4.84927132e+001	1.80564023e+003	
4.85304507e+001	1.79374443e+003	
4.85681883e+001	1.78631158e+003	
4.86059258e+001	1.78049850e+003	
4.86436633e+001	1.77469017e+003	
4.86814008e+001	1.76888664e+003	
4.87191383e+001	1.76308796e+003	
4.87568759e+001	1.75729417e+003	
4.87946134e+001	1.75150533e+003	
4.88323509e+001	1.74572147e+003	
4.88700884e+001	1.73994266e+003	
4.89078259e+001	1.73416894e+003	
4.89455635e+001	1.72840036e+003	
4.89833010e+001	1.72263697e+003	
4.90210385e+001	1.71687883e+003	
4.90587760e+001	1.71112599e+003	
4.90965135e+001	1.70537851e+003	
4.91342511e+001	1.69963643e+003	
4.91719886e+001	1.69389981e+003	
4.92097261e+001	1.68816871e+003	
4.92474636e+001	1.68244319e+003	
4.92852011e+001	1.67672329e+003	
4.93229387e+001	1.67100909e+003	
4.93606762e+001	1.66530063e+003	
4.93984137e+001	1.65959799e+003	
4.94361512e+001	1.65390120e+003	
4.94738887e+001	1.64821035e+003	
4.95116263e+001	1.64252549e+003	
4.95493638e+001	1.63684668e+003	
4.95871013e+001	1.63117398e+003	
4.96248388e+001	1.62550747e+003	
4.96625763e+001	1.61984719e+003	
4.97003139e+001	1.61419323e+003	
4.97380514e+001	1.60854565e+003	
4.97757889e+001	1.60290450e+003	
4.98135264e+001	1.59726987e+003	
4.98512639e+001	1.59164183e+003	
4.98890015e+001	1.58520865e+003	
4.99267390e+001	1.57873390e+003	
4.99644765e+001	1.57226350e+003	
5.00022140e+001	1.56579752e+003	
5.00399515e+001	1.55933599e+003	
5.00776891e+001	1.55287899e+003	
5.01154266e+001	1.54529082e+003	
5.01531641e+001	1.53751360e+003	
5.01909016e+001	1.52973643e+003	
5.02286391e+001	1.51980288e+003	
5.02663767e+001	1.50858157e+003	
5.03041142e+001	1.49736090e+003	
5.03418517e+001	1.48614088e+003	
5.03795892e+001	1.47492151e+003	
5.04173267e+001	1.46370282e+003	
5.04550643e+001	1.45248482e+003	
5.04928018e+001	1.44126752e+003	
5.05305393e+001	1.43005095e+003	
5.05682768e+001	1.41883512e+003	
5.06060143e+001	1.40762005e+003	
5.06437519e+001	1.39640576e+003	
5.06814894e+001	1.38519226e+003	
5.07192269e+001	1.37397957e+003	
5.07569644e+001	1.36276772e+003	
5.07947019e+001	1.35155673e+003	
5.08324395e+001	1.34034661e+003	
5.08701770e+001	1.32913740e+003	
5.09079145e+001	1.31792910e+003	
5.09456520e+001	1.30672175e+003	
5.09833895e+001	1.29551538e+003	
5.10211271e+001	1.28430999e+003	
5.10588646e+001	1.27310563e+003	
5.10966021e+001	1.26190233e+003	
5.11343396e+001	1.25070009e+003	
5.11720771e+001	1.23949897e+003	
5.12098147e+001	1.22829898e+003	
5.12475522e+001	1.21710016e+003	
5.12852897e+001	1.20590255e+003	
5.13230272e+001	1.19470617e+003	
5.13607647e+001	1.18351105e+003	
5.13985023e+001	1.17231725e+003	
5.14362398e+001	1.16112479e+003	
5.14739773e+001	1.14993371e+003	
5.15117148e+001	1.13874406e+003	
5.15494523e+001	1.12755587e+003	
5.15871899e+001	1.11636920e+003	
5.16249274e+001	1.10518408e+003	
5.16626649e+001	1.09329946e+003	
5.17004024e+001	1.08048844e+003	
5.17381399e+001	1.07076176e+003	
5.17758775e+001	1.06173711e+003	
5.18136150e+001	1.05281314e+003	
5.18513525e+001	1.04425689e+003	
5.18890900e+001	1.03570985e+003	
5.19268275e+001	1.02717224e+003	
5.19645651e+001	1.01864430e+003	
5.20023026e+001	1.01012628e+003	
5.20400401e+001	1.00161842e+003	
5.20777776e+001	9.93120997e+002	
5.21155151e+001	9.84634271e+002	
5.21532527e+001	9.76158524e+002	
5.21909902e+001	9.67694044e+002	
5.22287277e+001	9.59241130e+002	
5.22664652e+001	9.50800090e+002	
5.23042027e+001	9.42371242e+002	
5.23419403e+001	9.33954918e+002	
5.23796778e+001	9.25551458e+002	
5.24174153e+001	9.17161217e+002	
5.24551528e+001	9.08784560e+002	
5.24928903e+001	9.00421866e+002	
5.25306279e+001	8.92073529e+002	
5.25683654e+001	8.83739955e+002	
5.26061029e+001	8.75421566e+002	
5.26438404e+001	8.67118799e+002	
5.26815779e+001	8.58832107e+002	
5.27193155e+001	8.50561959e+002	
5.27570530e+001	8.42308843e+002	
5.27947905e+001	8.34073265e+002	
5.28325280e+001	8.25855749e+002	
5.28702655e+001	8.17656839e+002	
5.29080031e+001	8.09477103e+002	
5.29457406e+001	8.01589183e+002	
5.29834781e+001	7.94470661e+002	
5.30212156e+001	7.87352303e+002	
5.30589531e+001	7.80234114e+002	
5.30966907e+001	7.73116098e+002	
5.31344282e+001	7.65998260e+002	
5.31721657e+001	7.58880604e+002	
5.32099032e+001	7.51763137e+002	
5.32476407e+001	7.44645864e+002	
5.32853783e+001	7.37528790e+002	
5.33231158e+001	7.30411921e+002	
5.33608533e+001	7.23295263e+002	
5.33985908e+001	7.16178822e+002	
5.34363283e+001	7.09062605e+002	
5.34740659e+001	7.01946619e+002	
5.35118034e+001	6.94830871e+002	
5.35495409e+001	6.87715368e+002	
5.35872784e+001	6.80600118e+002	
5.36250159e+001	6.73485129e+002	
5.36627535e+001	6.66370409e+002	
5.37004910e+001	6.59255967e+002	
5.37382285e+001	6.52141812e+002	
5.37759660e+001	6.45027954e+002	
5.38137035e+001	6.37914402e+002	
5.38514411e+001	6.30801167e+002	
5.38891786e+001	6.23688260e+002	
5.39269161e+001	6.16575692e+002	
5.39646536e+001	6.09463474e+002	
5.40023911e+001	6.02351621e+002	
5.40401287e+001	5.95240143e+002	
5.40778662e+001	5.88129056e+002	
5.41156037e+001	5.81018372e+002	
5.41533412e+001	5.73846598e+002	
5.41910787e+001	5.66443781e+002	
5.42288163e+001	5.59051303e+002	
5.42665538e+001	5.50116083e+002	
5.43042913e+001	5.40958482e+002	
5.43420288e+001	5.31803048e+002	
5.43797663e+001	5.22649895e+002	
5.44175039e+001	5.13499145e+002	
5.44552414e+001	5.04350929e+002	
5.44929789e+001	4.95585811e+002	
5.45307164e+001	4.87286985e+002	
5.45684539e+001	4.78988458e+002	
5.46061915e+001	4.70690247e+002	
5.46439290e+001	4.62392367e+002	
5.46816665e+001	4.54094837e+002	
5.47194040e+001	4.45797676e+002	
5.47571415e+001	4.37500906e+002	
5.47948791e+001	4.29204550e+002	
5.48326166e+001	4.20908631e+002	
5.48703541e+001	4.12613176e+002	
5.49080916e+001	4.04318214e+002	
5.49458291e+001	3.96023776e+002	
5.49835667e+001	3.87729894e+002	
5.50213042e+001	3.79436607e+002	
5.50590417e+001	3.71143953e+002	
5.50967792e+001	3.62851976e+002	
5.51345167e+001	3.54560723e+002	
5.51722543e+001	3.45371324e+002	
5.52099918e+001	3.34809545e+002	
5.52477293e+001	3.24258577e+002	
5.52854668e+001	3.13719509e+002	
5.53232043e+001	3.03193584e+002	
5.53609419e+001	2.92682219e+002	
5.53986794e+001	2.83106297e+002	
5.54364169e+001	2.74924329e+002	
5.54741544e+001	2.66742478e+002	
5.55118919e+001	2.58560754e+002	
5.55496295e+001	2.50379170e+002	
5.55873670e+001	2.42197741e+002	
5.56251045e+001	2.34016483e+002	
5.56628420e+001	2.25835413e+002	
5.57005795e+001	2.17654554e+002	
5.57383171e+001	2.09473931e+002	
5.57760546e+001	2.01258531e+002	
5.58137921e+001	1.92400969e+002	
5.58515296e+001	1.83545920e+002	
5.58892671e+001	1.74693764e+002	
5.59270047e+001	1.65844964e+002	
5.59647422e+001	1.57000090e+002	
5.60024797e+001	1.48159842e+002	
5.60402172e+001	1.39325103e+002	
5.60779547e+001	1.30496991e+002	
5.61156923e+001	1.21676949e+002	
5.61534298e+001	1.12866867e+002	
5.61911673e+001	1.04069277e+002	
5.62289048e+001	9.64424477e+001	
5.62666423e+001	9.01777476e+001	
5.63043799e+001	8.39138153e+001	
5.63421174e+001	7.76508368e+001	
5.63798549e+001	7.13890631e+001	
5.64175924e+001	6.51288417e+001	
5.64553299e+001	5.88706678e+001	
5.64930675e+001	0.00000000e+000	
5.65308050e+001	0.00000000e+000	
5.65685425e+001	0.00000000e+000	
