% Column 0: Length, mm
% Column 1: Potential, Volts
0.00000000e+000	0.00000000e+000	
9.43438000e-002	5.14113053e-004	
1.88687600e-001	5.62458078e-003	
2.83031400e-001	1.07350485e-002	
3.77375200e-001	1.71708773e-002	
4.71719000e-001	2.84147145e-002	
5.66062800e-001	3.96585517e-002	
6.60406600e-001	5.09023889e-002	
7.54750400e-001	6.21462261e-002	
8.49094200e-001	8.17798105e-002	
9.43438000e-001	1.07505029e-001	
1.03778180e+000	1.33230248e-001	
1.13212560e+000	1.58955466e-001	
1.22646940e+000	1.82982230e-001	
1.32081320e+000	2.04852912e-001	
1.41515700e+000	2.27539372e-001	
1.50950080e+000	2.68747520e-001	
1.60384460e+000	3.09955667e-001	
1.69818840e+000	3.51163814e-001	
1.79253220e+000	3.92371962e-001	
1.88687600e+000	4.33580109e-001	
1.98121980e+000	4.74788256e-001	
2.07556360e+000	5.15996404e-001	
2.16990740e+000	5.54925156e-001	
2.26425120e+000	5.93354173e-001	
2.35859500e+000	6.37295809e-001	
2.45293880e+000	6.97196832e-001	
2.54728260e+000	7.55971042e-001	
2.64162640e+000	8.14745251e-001	
2.73597020e+000	8.73519461e-001	
2.83031400e+000	9.32293670e-001	
2.92465780e+000	9.91067880e-001	
3.01900160e+000	1.04984209e+000	
3.11334540e+000	1.10861630e+000	
3.20768920e+000	1.16739051e+000	
3.30203300e+000	1.22616472e+000	
3.39637680e+000	1.28493893e+000	
3.49072060e+000	1.34371314e+000	
3.58506440e+000	1.40248735e+000	
3.67940820e+000	1.48155995e+000	
3.77375200e+000	1.58136168e+000	
3.86809580e+000	1.68116340e+000	
3.96243960e+000	1.78096513e+000	
4.05678340e+000	1.88076685e+000	
4.15112720e+000	1.98056858e+000	
4.24547100e+000	2.08037030e+000	
4.33981480e+000	2.18017203e+000	
4.43415860e+000	2.27997375e+000	
4.52850240e+000	2.37977547e+000	
4.62284620e+000	2.47957720e+000	
4.71719000e+000	2.57937892e+000	
4.81153380e+000	2.66834703e+000	
4.90587760e+000	2.76079745e+000	
5.00022140e+000	2.87694779e+000	
5.09456520e+000	2.99486941e+000	
5.18890900e+000	3.11279103e+000	
5.28325280e+000	3.23071265e+000	
5.37759660e+000	3.34863426e+000	
5.47194040e+000	3.46655588e+000	
5.56628420e+000	3.58447750e+000	
5.66062800e+000	3.70239911e+000	
5.75497180e+000	3.82032073e+000	
5.84931560e+000	3.93824235e+000	
5.94365940e+000	4.05616396e+000	
6.03800320e+000	4.17408558e+000	
6.13234700e+000	4.29200720e+000	
6.22669080e+000	4.40992882e+000	
6.32103460e+000	4.52785043e+000	
6.41537840e+000	4.65893319e+000	
6.50972220e+000	4.80829326e+000	
6.60406600e+000	4.97928934e+000	
6.69840980e+000	5.15028541e+000	
6.79275360e+000	5.30075645e+000	
6.88709740e+000	5.44676649e+000	
6.98144120e+000	5.59277653e+000	
7.07578500e+000	5.73878657e+000	
7.17012880e+000	5.88479661e+000	
7.26447260e+000	6.03080664e+000	
7.35881640e+000	6.17681668e+000	
7.45316020e+000	6.32282672e+000	
7.54750400e+000	6.46883676e+000	
7.64184780e+000	6.61484680e+000	
7.73619160e+000	6.76085684e+000	
7.83053540e+000	6.90686688e+000	
7.92487920e+000	7.05287692e+000	
8.01922300e+000	7.19888696e+000	
8.11356680e+000	7.38036246e+000	
8.20791060e+000	7.56550339e+000	
8.30225440e+000	7.75064431e+000	
8.39659820e+000	7.93578523e+000	
8.49094200e+000	8.12092615e+000	
8.58528580e+000	8.30606707e+000	
8.67962960e+000	8.49120799e+000	
8.77397340e+000	8.67634891e+000	
8.86831720e+000	8.86148984e+000	
8.96266100e+000	9.04663076e+000	
9.05700480e+000	9.23177168e+000	
9.15134860e+000	9.43552739e+000	
9.24569240e+000	9.64063455e+000	
9.34003620e+000	9.84574170e+000	
9.43438000e+000	1.00508489e+001	
9.52872380e+000	1.02559560e+001	
9.62306760e+000	1.04610632e+001	
9.71741140e+000	1.06661703e+001	
9.81175520e+000	1.08925859e+001	
9.90609900e+000	1.11221078e+001	
1.00004428e+001	1.13516296e+001	
1.00947866e+001	1.15811515e+001	
1.01891304e+001	1.18106733e+001	
1.02834742e+001	1.20401952e+001	
1.03778180e+001	1.22697171e+001	
1.04721618e+001	1.24992389e+001	
1.05665056e+001	1.27287608e+001	
1.06608494e+001	1.29582826e+001	
1.07551932e+001	1.31878045e+001	
1.08495370e+001	1.34173264e+001	
1.09438808e+001	1.36468482e+001	
1.10382246e+001	1.38763701e+001	
1.11325684e+001	1.41058919e+001	
1.12269122e+001	1.43351609e+001	
1.13212560e+001	1.45643789e+001	
1.14155998e+001	1.47935969e+001	
1.15099436e+001	1.50228149e+001	
1.16042874e+001	1.52520329e+001	
1.16986312e+001	1.54812509e+001	
1.17929750e+001	1.57104688e+001	
1.18873188e+001	1.59485835e+001	
1.19816626e+001	1.62252937e+001	
1.20760064e+001	1.65020040e+001	
1.21703502e+001	1.67787143e+001	
1.22646940e+001	1.70554246e+001	
1.23590378e+001	1.73321349e+001	
1.24533816e+001	1.76088452e+001	
1.25477254e+001	1.78855554e+001	
1.26420692e+001	1.81590826e+001	
1.27364130e+001	1.84298039e+001	
1.28307568e+001	1.87005251e+001	
1.29251006e+001	1.89712463e+001	
1.30194444e+001	1.92419675e+001	
1.31137882e+001	1.95126887e+001	
1.32081320e+001	1.97911117e+001	
1.33024758e+001	2.00878695e+001	
1.33968196e+001	2.03846273e+001	
1.34911634e+001	2.06813850e+001	
1.35855072e+001	2.09781428e+001	
1.36798510e+001	2.12749005e+001	
1.37741948e+001	2.15716583e+001	
1.38685386e+001	2.18684161e+001	
1.39628824e+001	2.21651738e+001	
1.40572262e+001	2.24619316e+001	
1.41515700e+001	2.27586893e+001	
1.42459138e+001	2.30554471e+001	
1.43402576e+001	2.33559304e+001	
1.44346014e+001	2.36594346e+001	
1.45289452e+001	2.39629388e+001	
1.46232890e+001	2.42664431e+001	
1.47176328e+001	2.45888476e+001	
1.48119766e+001	2.49160994e+001	
1.49063204e+001	2.52433511e+001	
1.50006642e+001	2.55706029e+001	
1.50950080e+001	2.58978547e+001	
1.51893518e+001	2.62251065e+001	
1.52836956e+001	2.65523583e+001	
1.53780394e+001	2.68796101e+001	
1.54723832e+001	2.72068619e+001	
1.55667270e+001	2.75341137e+001	
1.56610708e+001	2.78613655e+001	
1.57554146e+001	2.81886173e+001	
1.58497584e+001	2.85186056e+001	
1.59441022e+001	2.88629702e+001	
1.60384460e+001	2.92073347e+001	
1.61327898e+001	2.95602169e+001	
1.62271336e+001	2.99264948e+001	
1.63214774e+001	3.02927726e+001	
1.64158212e+001	3.06590505e+001	
1.65101650e+001	3.10253284e+001	
1.66045088e+001	3.13826411e+001	
1.66988526e+001	3.17291722e+001	
1.67931964e+001	3.20757033e+001	
1.68875402e+001	3.24222343e+001	
1.69818840e+001	3.27687654e+001	
1.70762278e+001	3.31152965e+001	
1.71705716e+001	3.34687191e+001	
1.72649154e+001	3.38576025e+001	
1.73592592e+001	3.42464859e+001	
1.74536030e+001	3.46353693e+001	
1.75479468e+001	3.50242527e+001	
1.76422906e+001	3.54205288e+001	
1.77366344e+001	3.58216113e+001	
1.78309782e+001	3.62226938e+001	
1.79253220e+001	3.66237763e+001	
1.80196658e+001	3.70248587e+001	
1.81140096e+001	3.74259412e+001	
1.82083534e+001	3.78270237e+001	
1.83026972e+001	3.82281062e+001	
1.83970410e+001	3.86291887e+001	
1.84913848e+001	3.90302711e+001	
1.85857286e+001	3.94313536e+001	
1.86800724e+001	3.98324361e+001	
1.87744162e+001	4.02335186e+001	
1.88687600e+001	4.06346011e+001	
1.89631038e+001	4.10356835e+001	
1.90574476e+001	4.14367660e+001	
1.91517914e+001	4.18378485e+001	
1.92461352e+001	4.22306124e+001	
1.93404790e+001	4.26218797e+001	
1.94348228e+001	4.30131471e+001	
1.95291666e+001	4.34119666e+001	
1.96235104e+001	4.38455841e+001	
1.97178542e+001	4.42868065e+001	
1.98121980e+001	4.47288701e+001	
1.99065418e+001	4.51709337e+001	
2.00008856e+001	4.56129974e+001	
2.00952294e+001	4.60550610e+001	
2.01895732e+001	4.64971246e+001	
2.02839170e+001	4.69391882e+001	
2.03782608e+001	4.73812518e+001	
2.04726046e+001	4.78233154e+001	
2.05669484e+001	4.82653790e+001	
2.06612922e+001	4.87074426e+001	
2.07556360e+001	4.91495062e+001	
2.08499798e+001	4.95915698e+001	
2.09443236e+001	5.00336334e+001	
2.10386674e+001	5.04756970e+001	
2.11330112e+001	5.09177607e+001	
2.12273550e+001	5.13653564e+001	
2.13216988e+001	5.18249921e+001	
2.14160426e+001	5.22846278e+001	
2.15103864e+001	5.27442635e+001	
2.16047302e+001	5.32038992e+001	
2.16990740e+001	5.36755260e+001	
2.17934178e+001	5.41616555e+001	
2.18877616e+001	5.46477851e+001	
2.19821054e+001	5.51339146e+001	
2.20764492e+001	5.56200441e+001	
2.21707930e+001	5.61061737e+001	
2.22651368e+001	5.65923032e+001	
2.23594806e+001	5.70784328e+001	
2.24538244e+001	5.75645623e+001	
2.25481682e+001	5.80506918e+001	
2.26425120e+001	5.85368214e+001	
2.27368558e+001	5.90229509e+001	
2.28311996e+001	5.95111128e+001	
2.29255434e+001	6.00154424e+001	
2.30198872e+001	6.05197719e+001	
2.31142310e+001	6.10241014e+001	
2.32085748e+001	6.15284310e+001	
2.33029186e+001	6.20327605e+001	
2.33972624e+001	6.25478221e+001	
2.34916062e+001	6.30653550e+001	
2.35859500e+001	6.35828878e+001	
2.36802938e+001	6.41004206e+001	
2.37746376e+001	6.46179535e+001	
2.38689814e+001	6.51354863e+001	
2.39633252e+001	6.56530192e+001	
2.40576690e+001	6.61705520e+001	
2.41520128e+001	6.66880848e+001	
2.42463566e+001	6.72062658e+001	
2.43407004e+001	6.77488712e+001	
2.44350442e+001	6.82914767e+001	
2.45293880e+001	6.88340822e+001	
2.46237318e+001	6.93766877e+001	
2.47180756e+001	6.99192931e+001	
2.48124194e+001	7.04618986e+001	
2.49067632e+001	7.10045041e+001	
2.50011070e+001	7.15471095e+001	
2.50954508e+001	7.20880104e+001	
2.51897946e+001	7.26269690e+001	
2.52841384e+001	7.31659277e+001	
2.53784822e+001	7.37048863e+001	
2.54728260e+001	7.42438450e+001	
2.55671698e+001	7.47828036e+001	
2.56615136e+001	7.53365854e+001	
2.57558574e+001	7.59222299e+001	
2.58502012e+001	7.65078744e+001	
2.59445450e+001	7.70935189e+001	
2.60388888e+001	7.76791634e+001	
2.61332326e+001	7.82648079e+001	
2.62275764e+001	7.88504524e+001	
2.63219202e+001	7.94360969e+001	
2.64162640e+001	8.00217414e+001	
2.65106078e+001	8.06073859e+001	
2.66049516e+001	8.11930304e+001	
2.66992954e+001	8.17786748e+001	
2.67936392e+001	8.23614317e+001	
2.68879830e+001	8.29393267e+001	
2.69823268e+001	8.35172217e+001	
2.70766706e+001	8.40951167e+001	
2.71710144e+001	8.46730117e+001	
2.72653582e+001	8.52872542e+001	
2.73597020e+001	8.59089420e+001	
2.74540458e+001	8.65306297e+001	
2.75483896e+001	8.71523175e+001	
2.76427334e+001	8.77740053e+001	
2.77370772e+001	8.83915778e+001	
2.78314210e+001	8.90079552e+001	
2.79257648e+001	8.96243325e+001	
2.80201086e+001	9.02407099e+001	
2.81144524e+001	9.08570873e+001	
2.82087962e+001	9.14734647e+001	
2.83031400e+001	9.20898421e+001	
2.83974838e+001	9.27062195e+001	
2.84918276e+001	9.33225969e+001	
2.85861714e+001	9.39389743e+001	
2.86805152e+001	9.45553517e+001	
2.87748590e+001	9.51717291e+001	
2.88692028e+001	9.58155478e+001	
2.89635466e+001	9.64670863e+001	
2.90578904e+001	9.71186248e+001	
2.91522342e+001	9.77701633e+001	
2.92465780e+001	9.84217018e+001	
2.93409218e+001	9.90732404e+001	
2.94352656e+001	9.97247789e+001	
2.95296094e+001	1.00376317e+002	
2.96239532e+001	1.01027856e+002	
2.97182970e+001	1.01679394e+002	
2.98126408e+001	1.02330933e+002	
2.99069846e+001	1.02982471e+002	
3.00013284e+001	1.03634010e+002	
3.00956722e+001	1.04300325e+002	
3.01900160e+001	1.04967909e+002	
3.02843598e+001	1.05635493e+002	
3.03787036e+001	1.06303076e+002	
3.04730474e+001	1.06970660e+002	
3.05673912e+001	1.07638244e+002	
3.06617350e+001	1.08305827e+002	
3.07560788e+001	1.09016333e+002	
3.08504226e+001	1.09729460e+002	
3.09447664e+001	1.10442587e+002	
3.10391102e+001	1.11155713e+002	
3.11334540e+001	1.11868840e+002	
3.12277978e+001	1.12581967e+002	
3.13221416e+001	1.13295094e+002	
3.14164854e+001	1.14008221e+002	
3.15108292e+001	1.14721348e+002	
3.16051730e+001	1.15434474e+002	
3.16995168e+001	1.16147601e+002	
3.17938606e+001	1.16861443e+002	
3.18882044e+001	1.17575806e+002	
3.19825482e+001	1.18290169e+002	
3.20768920e+001	1.19004533e+002	
3.21712358e+001	1.19751382e+002	
3.22655796e+001	1.20509279e+002	
3.23599234e+001	1.21267177e+002	
3.24542672e+001	1.22025074e+002	
3.25486110e+001	1.22782971e+002	
3.26429548e+001	1.23540868e+002	
3.27372986e+001	1.24298765e+002	
3.28316424e+001	1.25056662e+002	
3.29259862e+001	1.25814560e+002	
3.30203300e+001	1.26572457e+002	
3.31146738e+001	1.27330354e+002	
3.32090176e+001	1.28088251e+002	
3.33033614e+001	1.28846148e+002	
3.33977052e+001	1.29604046e+002	
3.34920490e+001	1.30361943e+002	
3.35863928e+001	1.31119840e+002	
3.36807366e+001	1.31877737e+002	
3.37750804e+001	1.32629286e+002	
3.38694242e+001	1.33378754e+002	
3.39637680e+001	1.34164746e+002	
3.40581118e+001	1.34965931e+002	
3.41524556e+001	1.35766670e+002	
3.42467994e+001	1.36567408e+002	
3.43411432e+001	1.37368147e+002	
3.44354870e+001	1.38168885e+002	
3.45298308e+001	1.38969624e+002	
3.46241746e+001	1.39770362e+002	
3.47185184e+001	1.40571101e+002	
3.48128622e+001	1.41371840e+002	
3.49072060e+001	1.42172578e+002	
3.50015498e+001	1.42973317e+002	
3.50958936e+001	1.43774055e+002	
3.51902374e+001	1.44574794e+002	
3.52845812e+001	1.45375532e+002	
3.53789250e+001	1.46176271e+002	
3.54732688e+001	1.46977009e+002	
3.55676126e+001	1.47777748e+002	
3.56619564e+001	1.48578487e+002	
3.57563002e+001	1.49379225e+002	
3.58506440e+001	1.50233684e+002	
3.59449878e+001	1.51104496e+002	
3.60393316e+001	1.51975307e+002	
3.61336754e+001	1.52846119e+002	
3.62280192e+001	1.53716930e+002	
3.63223630e+001	1.54587741e+002	
3.64167068e+001	1.55458553e+002	
3.65110506e+001	1.56329364e+002	
3.66053944e+001	1.57200176e+002	
3.66997382e+001	1.58064312e+002	
3.67940820e+001	1.58922442e+002	
3.68884258e+001	1.59780572e+002	
3.69827696e+001	1.60638702e+002	
3.70771134e+001	1.61496832e+002	
3.71714572e+001	1.62354962e+002	
3.72658010e+001	1.63213091e+002	
3.73601448e+001	1.64071221e+002	
3.74544886e+001	1.64938287e+002	
3.75488324e+001	1.65862100e+002	
3.76431762e+001	1.66785914e+002	
3.77375200e+001	1.67709727e+002	
3.78318638e+001	1.68633541e+002	
3.79262076e+001	1.69557354e+002	
3.80205514e+001	1.70481168e+002	
3.81148952e+001	1.71404981e+002	
3.82092390e+001	1.72328795e+002	
3.83035828e+001	1.73252608e+002	
3.83979266e+001	1.74161099e+002	
3.84922704e+001	1.75069236e+002	
3.85866142e+001	1.75977372e+002	
3.86809580e+001	1.76885508e+002	
3.87753018e+001	1.77804603e+002	
3.88696456e+001	1.78781427e+002	
3.89639894e+001	1.79758251e+002	
3.90583332e+001	1.80735075e+002	
3.91526770e+001	1.81711899e+002	
3.92470208e+001	1.82688723e+002	
3.93413646e+001	1.83665433e+002	
3.94357084e+001	1.84625037e+002	
3.95300522e+001	1.85584641e+002	
3.96243960e+001	1.86544245e+002	
3.97187398e+001	1.87503849e+002	
3.98130836e+001	1.88463453e+002	
3.99074274e+001	1.89423057e+002	
4.00017712e+001	1.90382661e+002	
4.00961150e+001	1.91342265e+002	
4.01904588e+001	1.92301869e+002	
4.02848026e+001	1.93291673e+002	
4.03791464e+001	1.94316932e+002	
4.04734902e+001	1.95342191e+002	
4.05678340e+001	1.96367450e+002	
4.06621778e+001	1.97392709e+002	
4.07565216e+001	1.98417968e+002	
4.08508654e+001	1.99443227e+002	
4.09452092e+001	2.00468486e+002	
4.10395530e+001	2.01493745e+002	
4.11338968e+001	2.02520603e+002	
4.12282406e+001	2.03572260e+002	
4.13225844e+001	2.04623917e+002	
4.14169282e+001	2.05675575e+002	
4.15112720e+001	2.06727232e+002	
4.16056158e+001	2.07778889e+002	
4.16999596e+001	2.08830546e+002	
4.17943034e+001	2.09880197e+002	
4.18886472e+001	2.10928664e+002	
4.19829910e+001	2.11977130e+002	
4.20773348e+001	2.13025597e+002	
4.21716786e+001	2.14074063e+002	
4.22660224e+001	2.15122530e+002	
4.23603662e+001	2.16171765e+002	
4.24547100e+001	2.17300682e+002	
4.25490538e+001	2.18429599e+002	
4.26433976e+001	2.19558515e+002	
4.27377414e+001	2.20687432e+002	
4.28320852e+001	2.21816349e+002	
4.29264290e+001	2.22928129e+002	
4.30207728e+001	2.24039051e+002	
4.31151166e+001	2.25149974e+002	
4.32094604e+001	2.26260897e+002	
4.33038042e+001	2.27371820e+002	
4.33981480e+001	2.28482743e+002	
4.34924918e+001	2.29593666e+002	
4.35868356e+001	2.30704588e+002	
4.36811794e+001	2.31815511e+002	
4.37755232e+001	2.32926434e+002	
4.38698670e+001	2.34037357e+002	
4.39642108e+001	2.35183557e+002	
4.40585546e+001	2.36380140e+002	
4.41528984e+001	2.37576723e+002	
4.42472422e+001	2.38773306e+002	
4.43415860e+001	2.39969889e+002	
4.44359298e+001	2.41166472e+002	
4.45302736e+001	2.42363055e+002	
4.46246174e+001	2.43559638e+002	
4.47189612e+001	2.44756221e+002	
4.48133050e+001	2.45960077e+002	
4.49076488e+001	2.47173254e+002	
4.50019926e+001	2.48386431e+002	
4.50963364e+001	2.49599608e+002	
4.51906802e+001	2.50812786e+002	
4.52850240e+001	2.52025963e+002	
4.53793678e+001	2.53259022e+002	
4.54737116e+001	2.54572136e+002	
4.55680554e+001	2.55885251e+002	
4.56623992e+001	2.57198365e+002	
4.57567430e+001	2.58511480e+002	
4.58510868e+001	2.59824594e+002	
4.59454306e+001	2.61137709e+002	
4.60397744e+001	2.62450823e+002	
4.61341182e+001	2.63763938e+002	
4.62284620e+001	2.65077053e+002	
4.63228058e+001	2.66390167e+002	
4.64171496e+001	2.67703282e+002	
4.65114934e+001	2.69016396e+002	
4.66058372e+001	2.70329511e+002	
4.67001810e+001	2.71642625e+002	
4.67945248e+001	2.72955740e+002	
4.68888686e+001	2.74300077e+002	
4.69832124e+001	2.75647875e+002	
4.70775562e+001	2.76995673e+002	
4.71719000e+001	2.78343471e+002	
4.72662438e+001	2.79691270e+002	
4.73605876e+001	2.81039068e+002	
4.74549314e+001	2.82386866e+002	
4.75492752e+001	2.83734664e+002	
4.76436190e+001	2.85082463e+002	
4.77379628e+001	2.86499268e+002	
4.78323066e+001	2.87941954e+002	
4.79266504e+001	2.89384640e+002	
4.80209942e+001	2.90827326e+002	
4.81153380e+001	2.92270012e+002	
4.82096818e+001	2.93712697e+002	
4.83040256e+001	2.95155383e+002	
4.83983694e+001	2.96598069e+002	
4.84927132e+001	2.98044571e+002	
4.85870570e+001	2.99499643e+002	
4.86814008e+001	3.00954715e+002	
4.87757446e+001	3.02409787e+002	
4.88700884e+001	3.03872934e+002	
4.89644322e+001	3.05456146e+002	
4.90587760e+001	3.07039358e+002	
4.91531198e+001	3.08622571e+002	
4.92474636e+001	3.10205783e+002	
4.93418074e+001	3.11788995e+002	
4.94361512e+001	3.13372207e+002	
4.95304950e+001	3.14955419e+002	
4.96248388e+001	3.16538631e+002	
4.97191826e+001	3.18121843e+002	
4.98135264e+001	3.19705055e+002	
4.99078702e+001	3.21288267e+002	
5.00022140e+001	3.22871479e+002	
5.00965578e+001	3.24534598e+002	
5.01909016e+001	3.26235576e+002	
5.02852454e+001	3.27936554e+002	
5.03795892e+001	3.29637532e+002	
5.04739330e+001	3.31338510e+002	
5.05682768e+001	3.33039488e+002	
5.06626206e+001	3.34740466e+002	
5.07569644e+001	3.36441444e+002	
5.08513082e+001	3.38142422e+002	
5.09456520e+001	3.39843400e+002	
5.10399958e+001	3.41544378e+002	
5.11343396e+001	3.43245356e+002	
5.12286834e+001	3.44946333e+002	
5.13230272e+001	3.46647311e+002	
5.14173710e+001	3.48370704e+002	
5.15117148e+001	3.50252934e+002	
5.16060586e+001	3.52126546e+002	
5.17004024e+001	3.53949587e+002	
5.17947462e+001	3.55772628e+002	
5.18890900e+001	3.57595669e+002	
5.19834338e+001	3.59418710e+002	
5.20777776e+001	3.61241751e+002	
5.21721214e+001	3.63064791e+002	
5.22664652e+001	3.64887832e+002	
5.23608090e+001	3.66710873e+002	
5.24551528e+001	3.68533914e+002	
5.25494966e+001	3.70356955e+002	
5.26438404e+001	3.72311641e+002	
5.27381842e+001	3.74491820e+002	
5.28325280e+001	3.76671998e+002	
5.29268718e+001	3.78852176e+002	
5.30212156e+001	3.81032354e+002	
5.31155594e+001	3.83212532e+002	
5.32099032e+001	3.85392710e+002	
5.33042470e+001	3.87572888e+002	
5.33985908e+001	3.89753067e+002	
5.34929346e+001	3.91943487e+002	
5.35872784e+001	3.94151979e+002	
5.36816222e+001	3.96360472e+002	
5.37759660e+001	3.98568965e+002	
5.38703098e+001	4.00777458e+002	
5.39646536e+001	4.02985951e+002	
5.40589974e+001	4.05194444e+002	
5.41533412e+001	4.07402937e+002	
5.42476850e+001	4.09611429e+002	
5.43420288e+001	4.12161739e+002	
5.44363726e+001	4.14824552e+002	
5.45307164e+001	4.17487366e+002	
5.46250602e+001	4.20150179e+002	
5.47194040e+001	4.22812993e+002	
5.48137478e+001	4.25475806e+002	
5.49080916e+001	4.28138620e+002	
5.50024354e+001	4.30803463e+002	
5.50967792e+001	4.33652913e+002	
5.51911230e+001	4.36502363e+002	
5.52854668e+001	4.39351814e+002	
5.53798106e+001	4.42543615e+002	
5.54741544e+001	4.45842640e+002	
5.55684982e+001	4.49141665e+002	
5.56628420e+001	4.52440690e+002	
5.57571858e+001	4.55739715e+002	
5.58515296e+001	4.59071056e+002	
5.59458734e+001	4.62618448e+002	
5.60402172e+001	4.66165840e+002	
5.61345610e+001	4.69851374e+002	
5.62289048e+001	4.75127988e+002	
5.63232486e+001	4.80404602e+002	
5.64175924e+001	4.87468617e+002	
5.65119362e+001	4.95300714e+002	
5.66062800e+001	5.00000000e+002	
5.67006238e+001	5.00000000e+002	
5.67949676e+001	5.00000001e+002	
5.68893114e+001	5.00000001e+002	
5.69836552e+001	5.00000000e+002	
5.70779990e+001	4.99999999e+002	
5.71723428e+001	4.99999998e+002	
5.72666866e+001	4.99999998e+002	
5.73610304e+001	4.99999998e+002	
5.74553742e+001	4.99999999e+002	
5.75497180e+001	4.99999999e+002	
5.76440618e+001	4.99999999e+002	
5.77384056e+001	5.00000000e+002	
5.78327494e+001	5.00000000e+002	
5.79270932e+001	5.00000000e+002	
5.80214370e+001	5.00000000e+002	
5.81157808e+001	5.00000000e+002	
5.82101246e+001	5.00000001e+002	
5.83044684e+001	5.00000001e+002	
5.83988122e+001	5.00000001e+002	
5.84931560e+001	5.00000001e+002	
5.85874998e+001	5.00000001e+002	
5.86818436e+001	5.00000001e+002	
5.87761874e+001	5.00000002e+002	
5.88705312e+001	5.00000001e+002	
5.89648750e+001	5.00000001e+002	
5.90592188e+001	5.00000001e+002	
5.91535626e+001	5.00000001e+002	
5.92479064e+001	5.00000001e+002	
5.93422502e+001	5.00000000e+002	
5.94365940e+001	5.00000000e+002	
5.95309378e+001	5.00000000e+002	
5.96252816e+001	5.00000000e+002	
5.97196254e+001	5.00000000e+002	
5.98139692e+001	5.00000000e+002	
5.99083130e+001	4.99999999e+002	
6.00026568e+001	4.99999999e+002	
6.00970006e+001	4.99999999e+002	
6.01913444e+001	4.99999999e+002	
6.02856882e+001	4.99999999e+002	
6.03800320e+001	4.99999999e+002	
6.04743758e+001	4.99999999e+002	
6.05687196e+001	4.99999999e+002	
6.06630634e+001	4.99999998e+002	
6.07574072e+001	4.99999998e+002	
6.08517510e+001	4.99999998e+002	
6.09460948e+001	4.99999998e+002	
6.10404386e+001	4.99999998e+002	
6.11347824e+001	4.99999998e+002	
6.12291262e+001	4.99999998e+002	
6.13234700e+001	4.99999998e+002	
6.14178138e+001	4.99999998e+002	
6.15121576e+001	4.99999998e+002	
6.16065014e+001	4.99999998e+002	
6.17008452e+001	4.99999998e+002	
6.17951890e+001	4.99999998e+002	
6.18895328e+001	4.99999998e+002	
6.19838766e+001	4.99999998e+002	
6.20782204e+001	4.99999998e+002	
6.21725642e+001	4.99999998e+002	
6.22669080e+001	4.99999998e+002	
6.23612518e+001	4.99999998e+002	
6.24555956e+001	4.99999999e+002	
6.25499394e+001	4.99999999e+002	
6.26442832e+001	4.99999999e+002	
6.27386270e+001	4.99999999e+002	
6.28329708e+001	4.99999999e+002	
6.29273146e+001	4.99999999e+002	
6.30216584e+001	4.99999999e+002	
6.31160022e+001	4.99999999e+002	
6.32103460e+001	4.99999999e+002	
6.33046898e+001	4.99999999e+002	
6.33990336e+001	5.00000000e+002	
6.34933774e+001	5.00000000e+002	
6.35877212e+001	5.00000000e+002	
6.36820650e+001	5.00000000e+002	
6.37764088e+001	5.00000000e+002	
6.38707526e+001	5.00000000e+002	
6.39650964e+001	5.00000001e+002	
6.40594402e+001	5.00000001e+002	
6.41537840e+001	5.00000001e+002	
6.42481278e+001	5.00000001e+002	
6.43424716e+001	5.00000001e+002	
6.44368154e+001	5.00000001e+002	
6.45311592e+001	5.00000001e+002	
6.46255030e+001	5.00000001e+002	
6.47198468e+001	5.00000001e+002	
6.48141906e+001	5.00000000e+002	
6.49085344e+001	5.00000000e+002	
6.50028782e+001	5.00000000e+002	
6.50972220e+001	5.00000000e+002	
6.51915658e+001	5.00000000e+002	
6.52859096e+001	5.00000000e+002	
6.53802534e+001	5.00000000e+002	
6.54745972e+001	5.00000000e+002	
6.55689410e+001	5.00000000e+002	
6.56632848e+001	4.99999999e+002	
6.57576286e+001	4.99999999e+002	
6.58519724e+001	4.99999999e+002	
6.59463162e+001	4.99999999e+002	
6.60406600e+001	4.99999999e+002	
6.61350038e+001	4.99999999e+002	
6.62293476e+001	4.99999999e+002	
6.63236914e+001	4.99999999e+002	
6.64180352e+001	4.99999999e+002	
6.65123790e+001	4.99999999e+002	
6.66067228e+001	4.99999999e+002	
6.67010666e+001	4.99999999e+002	
6.67954104e+001	4.99999999e+002	
6.68897542e+001	4.99999999e+002	
6.69840980e+001	4.99999999e+002	
6.70784418e+001	4.99999999e+002	
6.71727856e+001	4.99999999e+002	
6.72671294e+001	4.99999999e+002	
6.73614732e+001	4.99999999e+002	
6.74558170e+001	4.99999999e+002	
6.75501608e+001	4.99999999e+002	
6.76445046e+001	4.99999999e+002	
6.77388484e+001	4.99999999e+002	
6.78331922e+001	4.99999999e+002	
6.79275360e+001	4.99999999e+002	
6.80218798e+001	4.99999999e+002	
6.81162236e+001	4.99999999e+002	
6.82105674e+001	4.99999999e+002	
6.83049112e+001	4.99999999e+002	
6.83992550e+001	4.99999999e+002	
6.84935988e+001	5.00000000e+002	
6.85879426e+001	5.00000000e+002	
6.86822864e+001	5.00000000e+002	
6.87766302e+001	5.00000000e+002	
6.88709740e+001	5.00000000e+002	
6.89653178e+001	5.00000000e+002	
6.90596616e+001	5.00000000e+002	
6.91540054e+001	5.00000000e+002	
6.92483492e+001	5.00000000e+002	
6.93426930e+001	5.00000000e+002	
6.94370368e+001	5.00000000e+002	
6.95313806e+001	5.00000000e+002	
6.96257244e+001	5.00000000e+002	
6.97200682e+001	5.00000000e+002	
6.98144120e+001	5.00000000e+002	
6.99087558e+001	5.00000000e+002	
7.00030996e+001	5.00000000e+002	
7.00974434e+001	5.00000000e+002	
7.01917872e+001	5.00000000e+002	
7.02861310e+001	5.00000000e+002	
7.03804748e+001	5.00000000e+002	
7.04748186e+001	5.00000000e+002	
7.05691624e+001	5.00000000e+002	
7.06635062e+001	5.00000000e+002	
7.07578500e+001	5.00000000e+002	
7.08521938e+001	5.00000000e+002	
7.09465376e+001	5.00000000e+002	
7.10408814e+001	5.00000000e+002	
7.11352252e+001	5.00000000e+002	
7.12295690e+001	5.00000000e+002	
7.13239128e+001	5.00000000e+002	
7.14182566e+001	5.00000000e+002	
7.15126004e+001	5.00000000e+002	
7.16069442e+001	5.00000000e+002	
7.17012880e+001	5.00000000e+002	
7.17956318e+001	5.00000000e+002	
7.18899756e+001	5.00000000e+002	
7.19843194e+001	5.00000001e+002	
7.20786632e+001	5.00000001e+002	
7.21730070e+001	5.00000000e+002	
7.22673508e+001	5.00000000e+002	
7.23616946e+001	5.00000000e+002	
7.24560384e+001	5.00000000e+002	
7.25503822e+001	5.00000000e+002	
7.26447260e+001	5.00000000e+002	
7.27390698e+001	5.00000000e+002	
7.28334136e+001	5.00000000e+002	
7.29277574e+001	5.00000000e+002	
7.30221012e+001	5.00000000e+002	
7.31164450e+001	5.00000000e+002	
7.32107888e+001	5.00000000e+002	
7.33051326e+001	5.00000000e+002	
7.33994764e+001	5.00000000e+002	
7.34938202e+001	5.00000000e+002	
7.35881640e+001	5.00000000e+002	
7.36825078e+001	5.00000000e+002	
7.37768516e+001	4.99999999e+002	
7.38711954e+001	4.99999999e+002	
7.39655392e+001	4.99999999e+002	
7.40598830e+001	4.99999999e+002	
7.41542268e+001	4.99999999e+002	
7.42485706e+001	4.99999999e+002	
7.43429144e+001	4.99999999e+002	
7.44372582e+001	4.99999999e+002	
7.45316020e+001	4.99999999e+002	
7.46259458e+001	4.99999999e+002	
7.47202896e+001	4.99999999e+002	
7.48146334e+001	4.99999999e+002	
7.49089772e+001	4.99999998e+002	
7.50033210e+001	4.99999998e+002	
7.50976648e+001	4.99999998e+002	
7.51920086e+001	4.99999998e+002	
7.52863524e+001	4.99999998e+002	
7.53806962e+001	4.99999998e+002	
7.54750400e+001	4.99999998e+002	
7.55693838e+001	4.99999997e+002	
7.56637276e+001	4.99999997e+002	
7.57580714e+001	4.99999997e+002	
7.58524152e+001	4.99999997e+002	
7.59467590e+001	4.99999997e+002	
7.60411028e+001	4.99999997e+002	
7.61354466e+001	4.99999996e+002	
7.62297904e+001	4.99999996e+002	
7.63241342e+001	4.99999996e+002	
7.64184780e+001	4.99999996e+002	
7.65128218e+001	4.99999996e+002	
7.66071656e+001	4.99999996e+002	
7.67015094e+001	4.99999995e+002	
7.67958532e+001	4.99999995e+002	
7.68901970e+001	4.99999995e+002	
7.69845408e+001	4.99999995e+002	
7.70788846e+001	4.99999995e+002	
7.71732284e+001	4.99999995e+002	
7.72675722e+001	4.99999994e+002	
7.73619160e+001	4.99999994e+002	
7.74562598e+001	4.99999994e+002	
7.75506036e+001	4.99999994e+002	
7.76449474e+001	4.99999994e+002	
7.77392912e+001	4.99999993e+002	
7.78336350e+001	4.99999993e+002	
7.79279788e+001	4.99999993e+002	
7.80223226e+001	4.99999993e+002	
7.81166664e+001	4.99999993e+002	
7.82110102e+001	4.99999993e+002	
7.83053540e+001	4.99999993e+002	
7.83996978e+001	4.99999993e+002	
7.84940416e+001	4.99999993e+002	
7.85883854e+001	4.99999993e+002	
7.86827292e+001	4.99999993e+002	
7.87770730e+001	4.99999993e+002	
7.88714168e+001	4.99999994e+002	
7.89657606e+001	4.99999994e+002	
7.90601044e+001	4.99999994e+002	
7.91544482e+001	4.99999994e+002	
7.92487920e+001	4.99999995e+002	
7.93431358e+001	4.99999995e+002	
7.94374796e+001	4.99999995e+002	
7.95318234e+001	4.99999995e+002	
7.96261672e+001	4.99999995e+002	
7.97205110e+001	4.99999994e+002	
7.98148548e+001	4.99999994e+002	
7.99091986e+001	4.99999994e+002	
8.00035424e+001	4.99999994e+002	
8.00978862e+001	4.99999993e+002	
8.01922300e+001	4.99999993e+002	
8.02865738e+001	4.99999993e+002	
8.03809176e+001	4.99999993e+002	
8.04752614e+001	4.99999993e+002	
8.05696052e+001	4.99999993e+002	
8.06639490e+001	4.99999993e+002	
8.07582928e+001	4.99999993e+002	
8.08526366e+001	4.99999993e+002	
8.09469804e+001	4.99999993e+002	
8.10413242e+001	4.99999992e+002	
8.11356680e+001	4.99999992e+002	
8.12300118e+001	4.99999992e+002	
8.13243556e+001	4.99999993e+002	
8.14186994e+001	4.99999993e+002	
8.15130432e+001	4.99999993e+002	
8.16073870e+001	4.99999993e+002	
8.17017308e+001	4.99999994e+002	
8.17960746e+001	4.99999994e+002	
8.18904184e+001	4.99999994e+002	
8.19847622e+001	4.99999995e+002	
8.20791060e+001	4.99999995e+002	
8.21734498e+001	4.99999995e+002	
8.22677936e+001	4.99999996e+002	
8.23621374e+001	4.99999996e+002	
8.24564812e+001	4.99999996e+002	
8.25508250e+001	4.99999997e+002	
8.26451688e+001	4.99999997e+002	
8.27395126e+001	4.99999998e+002	
8.28338564e+001	4.99999998e+002	
8.29282002e+001	4.99999999e+002	
8.30225440e+001	4.99999999e+002	
8.31168878e+001	5.00000000e+002	
8.32112316e+001	5.00000000e+002	
8.33055754e+001	5.00000001e+002	
8.33999192e+001	5.00000001e+002	
8.34942630e+001	5.00000001e+002	
8.35886068e+001	5.00000002e+002	
8.36829506e+001	5.00000002e+002	
8.37772944e+001	5.00000002e+002	
8.38716382e+001	5.00000002e+002	
8.39659820e+001	5.00000002e+002	
8.40603258e+001	5.00000002e+002	
8.41546696e+001	5.00000002e+002	
8.42490134e+001	5.00000002e+002	
8.43433572e+001	5.00000001e+002	
8.44377010e+001	5.00000001e+002	
8.45320448e+001	5.00000001e+002	
8.46263886e+001	5.00000001e+002	
8.47207324e+001	5.00000000e+002	
8.48150762e+001	5.00000000e+002	
8.49094200e+001	4.95300545e+002	
8.50037638e+001	4.87468165e+002	
8.50981076e+001	4.80403896e+002	
8.51924514e+001	4.75127090e+002	
8.52867952e+001	4.69850285e+002	
8.53811390e+001	4.66164623e+002	
8.54754828e+001	4.62617110e+002	
8.55698266e+001	4.59069596e+002	
8.56641704e+001	4.55738111e+002	
8.57585142e+001	4.52438945e+002	
8.58528580e+001	4.49139778e+002	
8.59472018e+001	4.45840612e+002	
8.60415456e+001	4.42541446e+002	
8.61358894e+001	4.39349523e+002	
8.62302332e+001	4.36499989e+002	
8.63245770e+001	4.33650455e+002	
8.64189208e+001	4.30800921e+002	
8.65132646e+001	4.28135956e+002	
8.66076084e+001	4.25473023e+002	
8.67019522e+001	4.22810090e+002	
8.67962960e+001	4.20147157e+002	
8.68906398e+001	4.17484224e+002	
8.69849836e+001	4.14821291e+002	
8.70793274e+001	4.12158358e+002	
8.71736712e+001	4.09607962e+002	
8.72680150e+001	4.07399466e+002	
8.73623588e+001	4.05190969e+002	
8.74567026e+001	4.02982473e+002	
8.75510464e+001	4.00773977e+002	
8.76453902e+001	3.98565481e+002	
8.77397340e+001	3.96356985e+002	
8.78340778e+001	3.94148489e+002	
8.79284216e+001	3.91939993e+002	
8.80227654e+001	3.89749521e+002	
8.81171092e+001	3.87569266e+002	
8.82114530e+001	3.85389010e+002	
8.83057968e+001	3.83208754e+002	
8.84001406e+001	3.81028499e+002	
8.84944844e+001	3.78848243e+002	
8.85888282e+001	3.76667987e+002	
8.86831720e+001	3.74487732e+002	
8.87775158e+001	3.72307476e+002	
8.88718596e+001	3.70352895e+002	
8.89662034e+001	3.68530065e+002	
8.90605472e+001	3.66707236e+002	
8.91548910e+001	3.64884406e+002	
8.92492348e+001	3.63061577e+002	
8.93435786e+001	3.61238747e+002	
8.94379224e+001	3.59415918e+002	
8.95322662e+001	3.57593088e+002	
8.96266100e+001	3.55770258e+002	
8.97209538e+001	3.53947429e+002	
8.98152976e+001	3.52124599e+002	
8.99096414e+001	3.50251118e+002	
9.00039852e+001	3.48369007e+002	
9.00983290e+001	3.46645975e+002	
9.01926728e+001	3.44945394e+002	
9.02870166e+001	3.43244812e+002	
9.03813604e+001	3.41544230e+002	
9.04757042e+001	3.39843649e+002	
9.05700480e+001	3.38143067e+002	
9.06643918e+001	3.36442485e+002	
9.07587356e+001	3.34741903e+002	
9.08530794e+001	3.33041322e+002	
9.09474232e+001	3.31340740e+002	
9.10417670e+001	3.29640158e+002	
9.11361108e+001	3.27939577e+002	
9.12304546e+001	3.26238995e+002	
9.13247984e+001	3.24538413e+002	
9.14191422e+001	3.22875665e+002	
9.15134860e+001	3.21292827e+002	
9.16078298e+001	3.19709988e+002	
9.17021736e+001	3.18127150e+002	
9.17965174e+001	3.16544311e+002	
9.18908612e+001	3.14961473e+002	
9.19852050e+001	3.13378634e+002	
9.20795488e+001	3.11795796e+002	
9.21738926e+001	3.10212957e+002	
9.22682364e+001	3.08630119e+002	
9.23625802e+001	3.07047280e+002	
9.24569240e+001	3.05464442e+002	
9.25512678e+001	3.03881603e+002	
9.26456116e+001	3.02418621e+002	
9.27399554e+001	3.00963698e+002	
9.28342992e+001	2.99508776e+002	
9.29286430e+001	2.98053853e+002	
9.30229868e+001	2.96607548e+002	
9.31173306e+001	2.95165079e+002	
9.32116744e+001	2.93722611e+002	
9.33060182e+001	2.92280142e+002	
9.34003620e+001	2.90837674e+002	
9.34947058e+001	2.89395205e+002	
9.35890496e+001	2.87952737e+002	
9.36833934e+001	2.86510268e+002	
9.37777372e+001	2.85093626e+002	
9.38720810e+001	2.83745845e+002	
9.39664248e+001	2.82398064e+002	
9.40607686e+001	2.81050283e+002	
9.41551124e+001	2.79702502e+002	
9.42494562e+001	2.78354721e+002	
9.43438000e+001	2.77006940e+002	
9.44381438e+001	2.75659159e+002	
9.45324876e+001	2.74311378e+002	
9.46268314e+001	2.72967042e+002	
9.47211752e+001	2.71653789e+002	
9.48155190e+001	2.70340536e+002	
9.49098628e+001	2.69027283e+002	
9.50042066e+001	2.67714030e+002	
9.50985504e+001	2.66400776e+002	
9.51928942e+001	2.65087523e+002	
9.52872380e+001	2.63774270e+002	
9.53815818e+001	2.62461017e+002	
9.54759256e+001	2.61147764e+002	
9.55702694e+001	2.59834510e+002	
9.56646132e+001	2.58521257e+002	
9.57589570e+001	2.57208004e+002	
9.58533008e+001	2.55894751e+002	
9.59476446e+001	2.54581498e+002	
9.60419884e+001	2.53268245e+002	
9.61363322e+001	2.52035070e+002	
9.62306760e+001	2.50821781e+002	
9.63250198e+001	2.49608493e+002	
9.64193636e+001	2.48395204e+002	
9.65137074e+001	2.47181916e+002	
9.66080512e+001	2.45968628e+002	
9.67023950e+001	2.44764579e+002	
9.67967388e+001	2.43567741e+002	
9.68910826e+001	2.42370903e+002	
9.69854264e+001	2.41174065e+002	
9.70797702e+001	2.39977227e+002	
9.71741140e+001	2.38780389e+002	
9.72684578e+001	2.37583551e+002	
9.73628016e+001	2.36386713e+002	
9.74571454e+001	2.35189875e+002	
9.75514892e+001	2.34043467e+002	
9.76458330e+001	2.32932369e+002	
9.77401768e+001	2.31821271e+002	
9.78345206e+001	2.30710173e+002	
9.79288644e+001	2.29599075e+002	
9.80232082e+001	2.28487977e+002	
9.81175520e+001	2.27376879e+002	
9.82118958e+001	2.26265781e+002	
9.83062396e+001	2.25154683e+002	
9.84005834e+001	2.24043585e+002	
9.84949272e+001	2.22932487e+002	
9.85892710e+001	2.21820534e+002	
9.86836148e+001	2.20691476e+002	
9.87779586e+001	2.19562419e+002	
9.88723024e+001	2.18433361e+002	
9.89666462e+001	2.17304303e+002	
9.90609900e+001	2.16175245e+002	
9.91553338e+001	2.15125824e+002	
9.92496776e+001	2.14077172e+002	
9.93440214e+001	2.13028519e+002	
9.94383652e+001	2.11979867e+002	
9.95327090e+001	2.10931214e+002	
9.96270528e+001	2.09882562e+002	
9.97213966e+001	2.08832711e+002	
9.98157404e+001	2.07780829e+002	
9.99100842e+001	2.06728947e+002	
1.00004428e+002	2.05677065e+002	
1.00098772e+002	2.04625184e+002	
1.00193116e+002	2.03573302e+002	
1.00287459e+002	2.02521420e+002	
1.00381803e+002	2.01494418e+002	
1.00476147e+002	2.00469019e+002	
1.00570491e+002	1.99443620e+002	
1.00664835e+002	1.98418221e+002	
1.00759178e+002	1.97392822e+002	
1.00853522e+002	1.96367423e+002	
1.00947866e+002	1.95342025e+002	
1.01042210e+002	1.94316626e+002	
1.01136554e+002	1.93291227e+002	
1.01230897e+002	1.92301342e+002	
1.01325241e+002	1.91341708e+002	
1.01419585e+002	1.90382074e+002	
1.01513929e+002	1.89422441e+002	
1.01608273e+002	1.88462807e+002	
1.01702616e+002	1.87503173e+002	
1.01796960e+002	1.86543539e+002	
1.01891304e+002	1.85583905e+002	
1.01985648e+002	1.84624271e+002	
1.02079992e+002	1.83664637e+002	
1.02174335e+002	1.82687886e+002	
1.02268679e+002	1.81711020e+002	
1.02363023e+002	1.80734155e+002	
1.02457367e+002	1.79757289e+002	
1.02551711e+002	1.78780424e+002	
1.02646054e+002	1.77803558e+002	
1.02740398e+002	1.76884540e+002	
1.02834742e+002	1.75976502e+002	
1.02929086e+002	1.75068464e+002	
1.03023430e+002	1.74160427e+002	
1.03117773e+002	1.73252032e+002	
1.03212117e+002	1.72328224e+002	
1.03306461e+002	1.71404415e+002	
1.03400805e+002	1.70480607e+002	
1.03495149e+002	1.69556799e+002	
1.03589492e+002	1.68632990e+002	
1.03683836e+002	1.67709182e+002	
1.03778180e+002	1.66785374e+002	
1.03872524e+002	1.65861565e+002	
1.03966868e+002	1.64937757e+002	
1.04061211e+002	1.64070676e+002	
1.04155555e+002	1.63212527e+002	
1.04249899e+002	1.62354378e+002	
1.04344243e+002	1.61496229e+002	
1.04438587e+002	1.60638081e+002	
1.04532930e+002	1.59779932e+002	
1.04627274e+002	1.58921783e+002	
1.04721618e+002	1.58063634e+002	
1.04815962e+002	1.57199496e+002	
1.04910306e+002	1.56328703e+002	
1.05004649e+002	1.55457910e+002	
1.05098993e+002	1.54587116e+002	
1.05193337e+002	1.53716323e+002	
1.05287681e+002	1.52845530e+002	
1.05382025e+002	1.51974736e+002	
1.05476368e+002	1.51103943e+002	
1.05570712e+002	1.50233150e+002	
1.05665056e+002	1.49378683e+002	
1.05759400e+002	1.48577852e+002	
1.05853744e+002	1.47777022e+002	
1.05948087e+002	1.46976191e+002	
1.06042431e+002	1.46175361e+002	
1.06136775e+002	1.45374530e+002	
1.06231119e+002	1.44573700e+002	
1.06325463e+002	1.43772869e+002	
1.06419806e+002	1.42972039e+002	
1.06514150e+002	1.42171208e+002	
1.06608494e+002	1.41370378e+002	
1.06702838e+002	1.40569547e+002	
1.06797182e+002	1.39768717e+002	
1.06891525e+002	1.38967886e+002	
1.06985869e+002	1.38167056e+002	
1.07080213e+002	1.37366225e+002	
1.07174557e+002	1.36565395e+002	
1.07268901e+002	1.35764564e+002	
1.07363244e+002	1.34963734e+002	
1.07457588e+002	1.34162448e+002	
1.07551932e+002	1.33376288e+002	
1.07646276e+002	1.32626728e+002	
1.07740620e+002	1.31875093e+002	
1.07834963e+002	1.31117128e+002	
1.07929307e+002	1.30359163e+002	
1.08023651e+002	1.29601198e+002	
1.08117995e+002	1.28843233e+002	
1.08212339e+002	1.28085268e+002	
1.08306682e+002	1.27327303e+002	
1.08401026e+002	1.26569337e+002	
1.08495370e+002	1.25811372e+002	
1.08589714e+002	1.25053407e+002	
1.08684058e+002	1.24295442e+002	
1.08778401e+002	1.23537477e+002	
1.08872745e+002	1.22779512e+002	
1.08967089e+002	1.22021547e+002	
1.09061433e+002	1.21263582e+002	
1.09155777e+002	1.20505617e+002	
1.09250120e+002	1.19747652e+002	
1.09344464e+002	1.19000764e+002	
1.09438808e+002	1.18286447e+002	
1.09533152e+002	1.17572131e+002	
1.09627496e+002	1.16857815e+002	
1.09721839e+002	1.16144131e+002	
1.09816183e+002	1.15431312e+002	
1.09910527e+002	1.14718494e+002	
1.10004871e+002	1.14005676e+002	
1.10099215e+002	1.13292857e+002	
1.10193558e+002	1.12580039e+002	
1.10287902e+002	1.11867220e+002	
1.10382246e+002	1.11154402e+002	
1.10476590e+002	1.10441584e+002	
1.10570934e+002	1.09728765e+002	
1.10665277e+002	1.09015947e+002	
1.10759621e+002	1.08305736e+002	
1.10853965e+002	1.07638224e+002	
1.10948309e+002	1.06970712e+002	
1.11042653e+002	1.06303200e+002	
1.11136996e+002	1.05635688e+002	
1.11231340e+002	1.04968176e+002	
1.11325684e+002	1.04300664e+002	
1.11420028e+002	1.03634422e+002	
1.11514372e+002	1.02982984e+002	
1.11608715e+002	1.02331545e+002	
1.11703059e+002	1.01680106e+002	
1.11797403e+002	1.01028667e+002	
1.11891747e+002	1.00377229e+002	
1.11986091e+002	9.97257899e+001	
1.12080434e+002	9.90743512e+001	
1.12174778e+002	9.84229125e+001	
1.12269122e+002	9.77714737e+001	
1.12363466e+002	9.71200350e+001	
1.12457810e+002	9.64685962e+001	
1.12552153e+002	9.58171575e+001	
1.12646497e+002	9.51734223e+001	
1.12740841e+002	9.45570692e+001	
1.12835185e+002	9.39407160e+001	
1.12929529e+002	9.33243628e+001	
1.13023872e+002	9.27080097e+001	
1.13118216e+002	9.20916565e+001	
1.13212560e+002	9.14753034e+001	
1.13306904e+002	9.08589502e+001	
1.13401248e+002	9.02425970e+001	
1.13495591e+002	8.96262439e+001	
1.13589935e+002	8.90098907e+001	
1.13684279e+002	8.83935375e+001	
1.13778623e+002	8.77759904e+001	
1.13872967e+002	8.71543302e+001	
1.13967310e+002	8.65326699e+001	
1.14061654e+002	8.59110096e+001	
1.14155998e+002	8.52893493e+001	
1.14250342e+002	8.46751272e+001	
1.14344686e+002	8.40972190e+001	
1.14439029e+002	8.35193108e+001	
1.14533373e+002	8.29414026e+001	
1.14627717e+002	8.23634944e+001	
1.14722061e+002	8.17807311e+001	
1.14816405e+002	8.11950849e+001	
1.14910748e+002	8.06094387e+001	
1.15005092e+002	8.00237926e+001	
1.15099436e+002	7.94381464e+001	
1.15193780e+002	7.88525002e+001	
1.15288124e+002	7.82668540e+001	
1.15382467e+002	7.76812079e+001	
1.15476811e+002	7.70955617e+001	
1.15571155e+002	7.65099155e+001	
1.15665499e+002	7.59242693e+001	
1.15759843e+002	7.53386232e+001	
1.15854186e+002	7.47848312e+001	
1.15948530e+002	7.42458584e+001	
1.16042874e+002	7.37068855e+001	
1.16137218e+002	7.31679127e+001	
1.16231562e+002	7.26289399e+001	
1.16325905e+002	7.20899670e+001	
1.16420249e+002	7.15490484e+001	
1.16514593e+002	7.10064217e+001	
1.16608937e+002	7.04637951e+001	
1.16703281e+002	6.99211684e+001	
1.16797624e+002	6.93785417e+001	
1.16891968e+002	6.88359151e+001	
1.16986312e+002	6.82932884e+001	
1.17080656e+002	6.77506618e+001	
1.17175000e+002	6.72080351e+001	
1.17269343e+002	6.66898386e+001	
1.17363687e+002	6.61722900e+001	
1.17458031e+002	6.56547414e+001	
1.17552375e+002	6.51371928e+001	
1.17646719e+002	6.46196442e+001	
1.17741062e+002	6.41020956e+001	
1.17835406e+002	6.35845471e+001	
1.17929750e+002	6.30669985e+001	
1.18024094e+002	6.25494499e+001	
1.18118438e+002	6.20343706e+001	
1.18212781e+002	6.15300164e+001	
1.18307125e+002	6.10256622e+001	
1.18401469e+002	6.05213080e+001	
1.18495813e+002	6.00169538e+001	
1.18590157e+002	5.95125996e+001	
1.18684500e+002	5.90244211e+001	
1.18778844e+002	5.85382758e+001	
1.18873188e+002	5.80521305e+001	
1.18967532e+002	5.75659851e+001	
1.19061876e+002	5.70798398e+001	
1.19156219e+002	5.65936945e+001	
1.19250563e+002	5.61075491e+001	
1.19344907e+002	5.56214038e+001	
1.19439251e+002	5.51352585e+001	
1.19533595e+002	5.46491131e+001	
1.19627938e+002	5.41629678e+001	
1.19722282e+002	5.36768225e+001	
1.19816626e+002	5.32051780e+001	
1.19910970e+002	5.27455234e+001	
1.20005314e+002	5.22858689e+001	
1.20099657e+002	5.18262143e+001	
1.20194001e+002	5.13665597e+001	
1.20288345e+002	5.09189484e+001	
1.20382689e+002	5.04768705e+001	
1.20477033e+002	5.00347925e+001	
1.20571376e+002	4.95927146e+001	
1.20665720e+002	4.91506366e+001	
1.20760064e+002	4.87085587e+001	
1.20854408e+002	4.82664807e+001	
1.20948752e+002	4.78244027e+001	
1.21043095e+002	4.73823248e+001	
1.21137439e+002	4.69402468e+001	
1.21231783e+002	4.64981689e+001	
1.21326127e+002	4.60560909e+001	
1.21420471e+002	4.56140130e+001	
1.21514814e+002	4.51719350e+001	
1.21609158e+002	4.47298570e+001	
1.21703502e+002	4.42877791e+001	
1.21797846e+002	4.38465411e+001	
1.21892190e+002	4.34129074e+001	
1.21986533e+002	4.30140754e+001	
1.22080877e+002	4.26227968e+001	
1.22175221e+002	4.22315182e+001	
1.22269565e+002	4.18387419e+001	
1.22363909e+002	4.14376473e+001	
1.22458252e+002	4.10365527e+001	
1.22552596e+002	4.06354581e+001	
1.22646940e+002	4.02343635e+001	
1.22741284e+002	3.98332689e+001	
1.22835628e+002	3.94321742e+001	
1.22929971e+002	3.90310796e+001	
1.23024315e+002	3.86299850e+001	
1.23118659e+002	3.82288904e+001	
1.23213003e+002	3.78277958e+001	
1.23307347e+002	3.74267012e+001	
1.23401690e+002	3.70256066e+001	
1.23496034e+002	3.66245120e+001	
1.23590378e+002	3.62234174e+001	
1.23684722e+002	3.58223228e+001	
1.23779066e+002	3.54212282e+001	
1.23873409e+002	3.50249411e+001	
1.23967753e+002	3.46360478e+001	
1.24062097e+002	3.42471546e+001	
1.24156441e+002	3.38582613e+001	
1.24250785e+002	3.34693681e+001	
1.24345128e+002	3.31159370e+001	
1.24439472e+002	3.27693977e+001	
1.24533816e+002	3.24228584e+001	
1.24628160e+002	3.20763191e+001	
1.24722504e+002	3.17297798e+001	
1.24816847e+002	3.13832405e+001	
1.24911191e+002	3.10259192e+001	
1.25005535e+002	3.06596315e+001	
1.25099879e+002	3.02933437e+001	
1.25194223e+002	2.99270560e+001	
1.25288566e+002	2.95607682e+001	
1.25382910e+002	2.92078769e+001	
1.25477254e+002	2.88635038e+001	
1.25571598e+002	2.85191307e+001	
1.25665942e+002	2.81891350e+001	
1.25760285e+002	2.78618759e+001	
1.25854629e+002	2.75346168e+001	
1.25948973e+002	2.72073577e+001	
1.26043317e+002	2.68800985e+001	
1.26137661e+002	2.65528394e+001	
1.26232004e+002	2.62255803e+001	
1.26326348e+002	2.58983212e+001	
1.26420692e+002	2.55710621e+001	
1.26515036e+002	2.52438030e+001	
1.26609380e+002	2.49165439e+001	
1.26703723e+002	2.45892848e+001	
1.26798067e+002	2.42668730e+001	
1.26892411e+002	2.39633624e+001	
1.26986755e+002	2.36598519e+001	
1.27081099e+002	2.33563414e+001	
1.27175442e+002	2.30558519e+001	
1.27269786e+002	2.27590881e+001	
1.27364130e+002	2.24623242e+001	
1.27458474e+002	2.21655604e+001	
1.27552818e+002	2.18687966e+001	
1.27647161e+002	2.15720327e+001	
1.27741505e+002	2.12752689e+001	
1.27835849e+002	2.09785051e+001	
1.27930193e+002	2.06817412e+001	
1.28024537e+002	2.03849774e+001	
1.28118880e+002	2.00882136e+001	
1.28213224e+002	1.97914498e+001	
1.28307568e+002	1.95130210e+001	
1.28401912e+002	1.92422947e+001	
1.28496256e+002	1.89715683e+001	
1.28590599e+002	1.87008420e+001	
1.28684943e+002	1.84301157e+001	
1.28779287e+002	1.81593893e+001	
1.28873631e+002	1.78858568e+001	
1.28967975e+002	1.76091411e+001	
1.29062318e+002	1.73324255e+001	
1.29156662e+002	1.70557098e+001	
1.29251006e+002	1.67789942e+001	
1.29345350e+002	1.65022785e+001	
1.29439694e+002	1.62255629e+001	
1.29534037e+002	1.59488472e+001	
1.29628381e+002	1.57107282e+001	
1.29722725e+002	1.54815062e+001	
1.29817069e+002	1.52522842e+001	
1.29911413e+002	1.50230621e+001	
1.30005756e+002	1.47938401e+001	
1.30100100e+002	1.45646180e+001	
1.30194444e+002	1.43353960e+001	
1.30288788e+002	1.41061230e+001	
1.30383132e+002	1.38765971e+001	
1.30477475e+002	1.36470713e+001	
1.30571819e+002	1.34175454e+001	
1.30666163e+002	1.31880196e+001	
1.30760507e+002	1.29584937e+001	
1.30854851e+002	1.27289679e+001	
1.30949194e+002	1.24994420e+001	
1.31043538e+002	1.22699162e+001	
1.31137882e+002	1.20403903e+001	
1.31232226e+002	1.18108645e+001	
1.31326570e+002	1.15813386e+001	
1.31420913e+002	1.13518128e+001	
1.31515257e+002	1.11222869e+001	
1.31609601e+002	1.08927611e+001	
1.31703945e+002	1.06663418e+001	
1.31798289e+002	1.04612311e+001	
1.31892632e+002	1.02561204e+001	
1.31986976e+002	1.00510097e+001	
1.32081320e+002	9.84589905e+000	
1.32175664e+002	9.64078835e+000	
1.32270008e+002	9.43567766e+000	
1.32364351e+002	9.23191824e+000	
1.32458695e+002	9.04677438e+000	
1.32553039e+002	8.86163051e+000	
1.32647383e+002	8.67648665e+000	
1.32741727e+002	8.49134278e+000	
1.32836070e+002	8.30619892e+000	
1.32930414e+002	8.12105505e+000	
1.33024758e+002	7.93591119e+000	
1.33119102e+002	7.75076732e+000	
1.33213446e+002	7.56562346e+000	
1.33307789e+002	7.38047959e+000	
1.33402133e+002	7.19900157e+000	
1.33496477e+002	7.05298919e+000	
1.33590821e+002	6.90697682e+000	
1.33685165e+002	6.76096444e+000	
1.33779508e+002	6.61495207e+000	
1.33873852e+002	6.46893969e+000	
1.33968196e+002	6.32292732e+000	
1.34062540e+002	6.17691494e+000	
1.34156884e+002	6.03090257e+000	
1.34251227e+002	5.88489019e+000	
1.34345571e+002	5.73887782e+000	
1.34439915e+002	5.59286545e+000	
1.34534259e+002	5.44685307e+000	
1.34628603e+002	5.30084070e+000	
1.34722946e+002	5.15036637e+000	
1.34817290e+002	4.97936749e+000	
1.34911634e+002	4.80836862e+000	
1.35005978e+002	4.65900635e+000	
1.35100322e+002	4.52792135e+000	
1.35194665e+002	4.40999787e+000	
1.35289009e+002	4.29207439e+000	
1.35383353e+002	4.17415091e+000	
1.35477697e+002	4.05622743e+000	
1.35572041e+002	3.93830396e+000	
1.35666384e+002	3.82038048e+000	
1.35760728e+002	3.70245700e+000	
1.35855072e+002	3.58453352e+000	
1.35949416e+002	3.46661004e+000	
1.36043760e+002	3.34868656e+000	
1.36138103e+002	3.23076309e+000	
1.36232447e+002	3.11283961e+000	
1.36326791e+002	2.99491613e+000	
1.36421135e+002	2.87699265e+000	
1.36515479e+002	2.76084055e+000	
1.36609822e+002	2.66838849e+000	
1.36704166e+002	2.57941955e+000	
1.36798510e+002	2.47961625e+000	
1.36892854e+002	2.37981295e+000	
1.36987198e+002	2.28000965e+000	
1.37081541e+002	2.18020635e+000	
1.37175885e+002	2.08040306e+000	
1.37270229e+002	1.98059976e+000	
1.37364573e+002	1.88079646e+000	
1.37458917e+002	1.78099316e+000	
1.37553260e+002	1.68118986e+000	
1.37647604e+002	1.58138656e+000	
1.37741948e+002	1.48158326e+000	
1.37836292e+002	1.40250946e+000	
1.37930636e+002	1.34373433e+000	
1.38024979e+002	1.28495920e+000	
1.38119323e+002	1.22618407e+000	
1.38213667e+002	1.16740894e+000	
1.38308011e+002	1.10863381e+000	
1.38402355e+002	1.04985868e+000	
1.38496698e+002	9.91083551e-001	
1.38591042e+002	9.32308421e-001	
1.38685386e+002	8.73533291e-001	
1.38779730e+002	8.14758161e-001	
1.38874074e+002	7.55983032e-001	
1.38968417e+002	6.97207902e-001	
1.39062761e+002	6.37305987e-001	
1.39157105e+002	5.93363832e-001	
1.39251449e+002	5.54934211e-001	
1.39345793e+002	5.16004553e-001	
1.39440136e+002	4.74795754e-001	
1.39534480e+002	4.33586956e-001	
1.39628824e+002	3.92378158e-001	
1.39723168e+002	3.51169359e-001	
1.39817512e+002	3.09960561e-001	
1.39911855e+002	2.68751763e-001	
1.40006199e+002	2.27542965e-001	
1.40100543e+002	2.04856011e-001	
1.40194887e+002	1.82984979e-001	
1.40289231e+002	1.58958001e-001	
1.40383574e+002	1.33232370e-001	
1.40477918e+002	1.07506740e-001	
1.40572262e+002	8.17811098e-002	
1.40666606e+002	6.21472562e-002	
1.40760950e+002	5.09032377e-002	
1.40855293e+002	3.96592193e-002	
1.40949637e+002	2.84152009e-002	
1.41043981e+002	1.71711824e-002	
1.41138325e+002	1.07352202e-002	
1.41232669e+002	5.62467076e-003	
1.41327012e+002	5.14121278e-004	
1.41421356e+002	0.00000000e+000	
