% Column 0: Length, mm
% Column 1: |E|, V/m
0.00000000e+000	2.99707723e+004	
3.77375200e-002	3.71621524e+004	
7.54750400e-002	3.44315044e+004	
1.13212560e-001	3.18424589e+004	
1.50950080e-001	2.94324081e+004	
1.88687600e-001	2.73921460e+004	
2.26425120e-001	2.56422324e+004	
2.64162640e-001	2.38924281e+004	
3.01900160e-001	2.21427587e+004	
3.39637680e-001	2.03932590e+004	
3.77375200e-001	1.96077575e+004	
4.15112720e-001	1.93647371e+004	
4.52850240e-001	1.91227783e+004	
4.90587760e-001	1.88819219e+004	
5.28325280e-001	1.86422107e+004	
5.66062800e-001	1.83683448e+004	
6.03800320e-001	1.80845478e+004	
6.41537840e-001	1.78010139e+004	
6.79275360e-001	1.75177559e+004	
7.17012880e-001	1.72347873e+004	
7.54750400e-001	1.69521228e+004	
7.92487920e-001	1.66697777e+004	
8.30225440e-001	1.63877685e+004	
8.67962960e-001	1.62485693e+004	
9.05700480e-001	1.61109516e+004	
9.43438000e-001	1.59734061e+004	
9.81175520e-001	1.58359346e+004	
1.01891304e+000	1.56985389e+004	
1.05665056e+000	1.55612212e+004	
1.09438808e+000	1.55054262e+004	
1.13212560e+000	1.54664428e+004	
1.16986312e+000	1.54275501e+004	
1.20760064e+000	1.53887487e+004	
1.24533816e+000	1.53500394e+004	
1.28307568e+000	1.53114229e+004	
1.32081320e+000	1.52728998e+004	
1.35855072e+000	1.52344709e+004	
1.39628824e+000	1.52059827e+004	
1.43402576e+000	1.52029403e+004	
1.47176328e+000	1.51999238e+004	
1.50950080e+000	1.51969332e+004	
1.54723832e+000	1.51939686e+004	
1.58497584e+000	1.51910300e+004	
1.62271336e+000	1.51881173e+004	
1.66045088e+000	1.51852306e+004	
1.69818840e+000	1.51823700e+004	
1.73592592e+000	1.51795354e+004	
1.77366344e+000	1.51767268e+004	
1.81140096e+000	1.51739443e+004	
1.84913848e+000	1.51711878e+004	
1.88687600e+000	1.51684575e+004	
1.92461352e+000	1.51657532e+004	
1.96235104e+000	1.51700882e+004	
2.00008856e+000	1.52335966e+004	
2.03782608e+000	1.52973702e+004	
2.07556360e+000	1.53614058e+004	
2.11330112e+000	1.54395792e+004	
2.15103864e+000	1.55448629e+004	
2.18877616e+000	1.56501606e+004	
2.22651368e+000	1.57554722e+004	
2.26425120e+000	1.58607974e+004	
2.30198872e+000	1.59661358e+004	
2.33972624e+000	1.62197645e+004	
2.37746376e+000	1.65239498e+004	
2.41520128e+000	1.68281872e+004	
2.45293880e+000	1.71324737e+004	
2.49067632e+000	1.74368068e+004	
2.52841384e+000	1.77411841e+004	
2.56615136e+000	1.80843158e+004	
2.60388888e+000	1.84514514e+004	
2.64162640e+000	1.88186472e+004	
2.67936392e+000	1.91858997e+004	
2.71710144e+000	1.95532058e+004	
2.75483896e+000	1.99205625e+004	
2.79257648e+000	2.37386963e+004	
2.83031400e+000	4.14646228e+004	
2.86805152e+000	4.07802624e+004	
2.90578904e+000	4.00959086e+004	
2.94352656e+000	3.94115617e+004	
2.98126408e+000	3.87272222e+004	
3.01900160e+000	3.77929211e+004	
3.05673912e+000	3.65543934e+004	
3.09447664e+000	3.53158724e+004	
3.13221416e+000	3.40773588e+004	
3.16995168e+000	3.28388533e+004	
3.20768920e+000	3.21339558e+004	
3.24542672e+000	3.16685395e+004	
3.28316424e+000	3.12031235e+004	
3.32090176e+000	3.07377076e+004	
3.35863928e+000	3.02722920e+004	
3.39637680e+000	2.98068767e+004	
3.43411432e+000	2.93414615e+004	
3.47185184e+000	2.88760467e+004	
3.50958936e+000	2.84106321e+004	
3.54732688e+000	2.79970941e+004	
3.58506440e+000	2.77489043e+004	
3.62280192e+000	2.75009644e+004	
3.66053944e+000	2.72532812e+004	
3.69827696e+000	2.70058619e+004	
3.73601448e+000	2.67587137e+004	
3.77375200e+000	2.65118443e+004	
3.81148952e+000	2.62652614e+004	
3.84922704e+000	2.60189733e+004	
3.88696456e+000	2.57729884e+004	
3.92470208e+000	2.55273154e+004	
3.96243960e+000	2.53534402e+004	
4.00017712e+000	2.52290670e+004	
4.03791464e+000	2.51046958e+004	
4.07565216e+000	2.49803267e+004	
4.11338968e+000	2.48559597e+004	
4.15112720e+000	2.47315950e+004	
4.18886472e+000	2.46072324e+004	
4.22660224e+000	2.44828721e+004	
4.26433976e+000	2.43585141e+004	
4.30207728e+000	2.42341583e+004	
4.33981480e+000	2.41098050e+004	
4.37755232e+000	2.39854540e+004	
4.41528984e+000	2.38611054e+004	
4.45302736e+000	2.37367593e+004	
4.49076488e+000	2.36124157e+004	
4.52850240e+000	2.34880746e+004	
4.56623992e+000	2.33637361e+004	
4.60397744e+000	2.32394002e+004	
4.64171496e+000	2.31150670e+004	
4.67945248e+000	2.29708177e+004	
4.71719000e+000	2.28237129e+004	
4.75492752e+000	2.26766862e+004	
4.79266504e+000	2.25297389e+004	
4.83040256e+000	2.23828728e+004	
4.86814008e+000	2.22360894e+004	
4.90587760e+000	2.20893903e+004	
4.94361512e+000	2.19427772e+004	
4.98135264e+000	2.18836766e+004	
5.01909016e+000	2.18412696e+004	
5.05682768e+000	2.17988868e+004	
5.09456520e+000	2.17541954e+004	
5.13230272e+000	2.17034131e+004	
5.17004024e+000	2.16526323e+004	
5.20777776e+000	2.16018530e+004	
5.24551528e+000	2.15510752e+004	
5.28325280e+000	2.15002990e+004	
5.32099032e+000	2.14495243e+004	
5.35872784e+000	2.13987512e+004	
5.39646536e+000	2.13479797e+004	
5.43420288e+000	2.12972098e+004	
5.47194040e+000	2.12464415e+004	
5.50967792e+000	2.11956748e+004	
5.54741544e+000	2.11449097e+004	
5.58515296e+000	2.10941462e+004	
5.62289048e+000	2.10433844e+004	
5.66062800e+000	2.09926242e+004	
5.69836552e+000	2.09418657e+004	
5.73610304e+000	2.08911089e+004	
5.77384056e+000	2.08403538e+004	
5.81157808e+000	2.07896004e+004	
5.84931560e+000	2.07388487e+004	
5.88705312e+000	2.06880988e+004	
5.92479064e+000	2.06373506e+004	
5.96252816e+000	2.05866041e+004	
6.00026568e+000	2.05358595e+004	
6.03800320e+000	2.04851166e+004	
6.07574072e+000	2.04343755e+004	
6.11347824e+000	2.03836362e+004	
6.15121576e+000	2.03328987e+004	
6.18895328e+000	2.02821631e+004	
6.22669080e+000	2.02314293e+004	
6.26442832e+000	2.01806974e+004	
6.30216584e+000	2.01299674e+004	
6.33990336e+000	2.00792393e+004	
6.37764088e+000	2.00285130e+004	
6.41537840e+000	1.99777887e+004	
6.45311592e+000	1.99270664e+004	
6.49085344e+000	1.98763460e+004	
6.52859096e+000	1.98256275e+004	
6.56632848e+000	1.97537590e+004	
6.60406600e+000	1.96801929e+004	
6.64180352e+000	1.96066281e+004	
6.67954104e+000	1.95330647e+004	
6.71727856e+000	1.94595026e+004	
6.75501608e+000	1.93859419e+004	
6.79275360e+000	1.93123827e+004	
6.83049112e+000	1.92388248e+004	
6.86822864e+000	1.91652684e+004	
6.90596616e+000	1.90917134e+004	
6.94370368e+000	1.90181599e+004	
6.98144120e+000	1.89446079e+004	
7.01917872e+000	1.88710574e+004	
7.05691624e+000	1.87975084e+004	
7.09465376e+000	1.87239610e+004	
7.13239128e+000	1.86504150e+004	
7.17012880e+000	1.85768707e+004	
7.20786632e+000	1.85033280e+004	
7.24560384e+000	1.84297868e+004	
7.28334136e+000	1.83562473e+004	
7.32107888e+000	1.82827095e+004	
7.35881640e+000	1.82091733e+004	
7.39655392e+000	1.81356388e+004	
7.43429144e+000	1.80637096e+004	
7.47202896e+000	1.79992624e+004	
7.50976648e+000	1.79348154e+004	
7.54750400e+000	1.78703684e+004	
7.58524152e+000	1.78059216e+004	
7.62297904e+000	1.77414749e+004	
7.66071656e+000	1.76770282e+004	
7.69845408e+000	1.76125817e+004	
7.73619160e+000	1.75481353e+004	
7.77392912e+000	1.74836890e+004	
7.81166664e+000	1.74192428e+004	
7.84940416e+000	1.73547967e+004	
7.88714168e+000	1.72903508e+004	
7.92487920e+000	1.72259050e+004	
7.96261672e+000	1.71634356e+004	
8.00035424e+000	1.71387839e+004	
8.03809176e+000	1.71141558e+004	
8.07582928e+000	1.70895512e+004	
8.11356680e+000	1.70649703e+004	
8.15130432e+000	1.70404131e+004	
8.18904184e+000	1.70158799e+004	
8.22677936e+000	1.69913707e+004	
8.26451688e+000	1.69668855e+004	
8.30225440e+000	1.69424246e+004	
8.33999192e+000	1.69179880e+004	
8.37772944e+000	1.68935757e+004	
8.41546696e+000	1.68691880e+004	
8.45320448e+000	1.68448250e+004	
8.49094200e+000	1.68204866e+004	
8.52867952e+000	1.67961731e+004	
8.56641704e+000	1.67718846e+004	
8.60415456e+000	1.67476211e+004	
8.64189208e+000	1.67233827e+004	
8.67962960e+000	1.66991697e+004	
8.71736712e+000	1.66749820e+004	
8.75510464e+000	1.66508198e+004	
8.79284216e+000	1.66266832e+004	
8.83057968e+000	1.66025724e+004	
8.86831720e+000	1.65789136e+004	
8.90605472e+000	1.65553555e+004	
8.94379224e+000	1.65318025e+004	
8.98152976e+000	1.65082545e+004	
9.01926728e+000	1.64847117e+004	
9.05700480e+000	1.64611739e+004	
9.09474232e+000	1.64376413e+004	
9.13247984e+000	1.64141138e+004	
9.17021736e+000	1.63905915e+004	
9.20795488e+000	1.63670744e+004	
9.24569240e+000	1.63435625e+004	
9.28342992e+000	1.63200559e+004	
9.32116744e+000	1.62965545e+004	
9.35890496e+000	1.62730584e+004	
9.39664248e+000	1.62495677e+004	
9.43438000e+000	1.62260822e+004	
9.47211752e+000	1.62026021e+004	
9.50985504e+000	1.61726752e+004	
9.54759256e+000	1.61272406e+004	
9.58533008e+000	1.60818117e+004	
9.62306760e+000	1.60363884e+004	
9.66080512e+000	1.59909707e+004	
9.69854264e+000	1.59455589e+004	
9.73628016e+000	1.59001528e+004	
9.77401768e+000	1.58547525e+004	
9.81175520e+000	1.58093582e+004	
9.84949272e+000	1.57639697e+004	
9.88723024e+000	1.57185873e+004	
9.92496776e+000	1.56732109e+004	
9.96270528e+000	1.56278407e+004	
1.00004428e+001	1.55824765e+004	
1.00381803e+001	1.55371186e+004	
1.00759178e+001	1.54917669e+004	
1.01136554e+001	1.54464216e+004	
1.01513929e+001	1.54010826e+004	
1.01891304e+001	1.53557500e+004	
1.02268679e+001	1.53104240e+004	
1.02646054e+001	1.52651044e+004	
1.03023430e+001	1.52197915e+004	
1.03400805e+001	1.51744852e+004	
1.03778180e+001	1.51291857e+004	
1.04155555e+001	1.50838929e+004	
1.04532930e+001	1.50386070e+004	
1.04910306e+001	1.49933279e+004	
1.05287681e+001	1.49480559e+004	
1.05665056e+001	1.49122756e+004	
1.06042431e+001	1.48833491e+004	
1.06419806e+001	1.48544231e+004	
1.06797182e+001	1.48254976e+004	
1.07174557e+001	1.47965727e+004	
1.07551932e+001	1.47676483e+004	
1.07929307e+001	1.47387244e+004	
1.08306682e+001	1.47098011e+004	
1.08684058e+001	1.46808783e+004	
1.09061433e+001	1.46519561e+004	
1.09438808e+001	1.46230345e+004	
1.09816183e+001	1.45941134e+004	
1.10193558e+001	1.45651928e+004	
1.10570934e+001	1.45362729e+004	
1.10948309e+001	1.45073535e+004	
1.11325684e+001	1.44784347e+004	
1.11703059e+001	1.44495164e+004	
1.12080434e+001	1.44205987e+004	
1.12457810e+001	1.43916816e+004	
1.12835185e+001	1.43627651e+004	
1.13212560e+001	1.43338492e+004	
1.13589935e+001	1.43049339e+004	
1.13967310e+001	1.42817763e+004	
1.14344686e+001	1.42628912e+004	
1.14722061e+001	1.42440145e+004	
1.15099436e+001	1.42251463e+004	
1.15476811e+001	1.42062866e+004	
1.15854186e+001	1.41874354e+004	
1.16231562e+001	1.41685927e+004	
1.16608937e+001	1.41497586e+004	
1.16986312e+001	1.41309332e+004	
1.17363687e+001	1.41121164e+004	
1.17741062e+001	1.40933083e+004	
1.18118438e+001	1.40745089e+004	
1.18495813e+001	1.40557183e+004	
1.18873188e+001	1.40369365e+004	
1.19250563e+001	1.40181635e+004	
1.19627938e+001	1.39993994e+004	
1.20005314e+001	1.39806443e+004	
1.20382689e+001	1.39591250e+004	
1.20760064e+001	1.39337339e+004	
1.21137439e+001	1.39083430e+004	
1.21514814e+001	1.38829523e+004	
1.21892190e+001	1.38575618e+004	
1.22269565e+001	1.38321716e+004	
1.22646940e+001	1.38067815e+004	
1.23024315e+001	1.37813916e+004	
1.23401690e+001	1.37560019e+004	
1.23779066e+001	1.37306125e+004	
1.24156441e+001	1.37052232e+004	
1.24533816e+001	1.36798341e+004	
1.24911191e+001	1.36546653e+004	
1.25288566e+001	1.36298434e+004	
1.25665942e+001	1.36050226e+004	
1.26043317e+001	1.35802026e+004	
1.26420692e+001	1.35553837e+004	
1.26798067e+001	1.35305656e+004	
1.27175442e+001	1.35057486e+004	
1.27552818e+001	1.34809325e+004	
1.27930193e+001	1.34561174e+004	
1.28307568e+001	1.34313032e+004	
1.28684943e+001	1.34064901e+004	
1.29062318e+001	1.33816779e+004	
1.29439694e+001	1.33568667e+004	
1.29817069e+001	1.33320566e+004	
1.30194444e+001	1.33072474e+004	
1.30571819e+001	1.32824392e+004	
1.30949194e+001	1.32576321e+004	
1.31326570e+001	1.32328260e+004	
1.31703945e+001	1.32080209e+004	
1.32081320e+001	1.31832169e+004	
1.32458695e+001	1.31584139e+004	
1.32836070e+001	1.31336119e+004	
1.33213446e+001	1.31088110e+004	
1.33590821e+001	1.30840111e+004	
1.33968196e+001	1.30592124e+004	
1.34345571e+001	1.30344146e+004	
1.34722946e+001	1.30096180e+004	
1.35100322e+001	1.29848224e+004	
1.35477697e+001	1.29610867e+004	
1.35855072e+001	1.29384815e+004	
1.36232447e+001	1.29158766e+004	
1.36609822e+001	1.28932721e+004	
1.36987198e+001	1.28706679e+004	
1.37364573e+001	1.28480640e+004	
1.37741948e+001	1.28254604e+004	
1.38119323e+001	1.28028572e+004	
1.38496698e+001	1.27802543e+004	
1.38874074e+001	1.27576518e+004	
1.39251449e+001	1.27350496e+004	
1.39628824e+001	1.27124477e+004	
1.40006199e+001	1.26898462e+004	
1.40383574e+001	1.26672450e+004	
1.40760950e+001	1.26446442e+004	
1.41138325e+001	1.26220437e+004	
1.41515700e+001	1.25994436e+004	
1.41893075e+001	1.25768438e+004	
1.42270450e+001	1.25542443e+004	
1.42647826e+001	1.25316453e+004	
1.43025201e+001	1.25090465e+004	
1.43402576e+001	1.24864482e+004	
1.43779951e+001	1.24638502e+004	
1.44157326e+001	1.24412525e+004	
1.44534702e+001	1.24186552e+004	
1.44912077e+001	1.23960583e+004	
1.45289452e+001	1.23734618e+004	
1.45666827e+001	1.23508656e+004	
1.46044202e+001	1.23282698e+004	
1.46421578e+001	1.23063669e+004	
1.46798953e+001	1.22877410e+004	
1.47176328e+001	1.22691164e+004	
1.47553703e+001	1.22504930e+004	
1.47931078e+001	1.22318709e+004	
1.48308454e+001	1.22132500e+004	
1.48685829e+001	1.21946304e+004	
1.49063204e+001	1.21760121e+004	
1.49440579e+001	1.21583762e+004	
1.49817954e+001	1.21415349e+004	
1.50195330e+001	1.21246937e+004	
1.50572705e+001	1.21078526e+004	
1.50950080e+001	1.20910117e+004	
1.51327455e+001	1.20741708e+004	
1.51704830e+001	1.20573301e+004	
1.52082206e+001	1.20404895e+004	
1.52459581e+001	1.20236490e+004	
1.52836956e+001	1.20068086e+004	
1.53214331e+001	1.19899683e+004	
1.53591706e+001	1.19731281e+004	
1.53969082e+001	1.19562881e+004	
1.54346457e+001	1.19394482e+004	
1.54723832e+001	1.19226084e+004	
1.55101207e+001	1.19057687e+004	
1.55478582e+001	1.18889292e+004	
1.55855958e+001	1.18720898e+004	
1.56233333e+001	1.18552504e+004	
1.56610708e+001	1.18384113e+004	
1.56988083e+001	1.18215722e+004	
1.57365458e+001	1.18047333e+004	
1.57742834e+001	1.17878944e+004	
1.58120209e+001	1.17710557e+004	
1.58497584e+001	1.17542172e+004	
1.58874959e+001	1.17373787e+004	
1.59252334e+001	1.17205404e+004	
1.59629710e+001	1.17037022e+004	
1.60007085e+001	1.16868642e+004	
1.60384460e+001	1.16700262e+004	
1.60761835e+001	1.16531884e+004	
1.61139210e+001	1.16363508e+004	
1.61516586e+001	1.16195132e+004	
1.61893961e+001	1.16026758e+004	
1.62271336e+001	1.15858385e+004	
1.62648711e+001	1.15690014e+004	
1.63026086e+001	1.15521643e+004	
1.63403462e+001	1.15353274e+004	
1.63780837e+001	1.15184907e+004	
1.64158212e+001	1.15016541e+004	
1.64535587e+001	1.14771378e+004	
1.64912962e+001	1.14509800e+004	
1.65290338e+001	1.14274808e+004	
1.65667713e+001	1.14105586e+004	
1.66045088e+001	1.13936371e+004	
1.66422463e+001	1.13767162e+004	
1.66799838e+001	1.13597959e+004	
1.67177214e+001	1.13392225e+004	
1.67554589e+001	1.13160006e+004	
1.67931964e+001	1.12927793e+004	
1.68309339e+001	1.12695584e+004	
1.68686714e+001	1.12463380e+004	
1.69064090e+001	1.12231180e+004	
1.69441465e+001	1.11998986e+004	
1.69818840e+001	1.11766796e+004	
1.70196215e+001	1.11534611e+004	
1.70573590e+001	1.11302431e+004	
1.70950966e+001	1.11070256e+004	
1.71328341e+001	1.10838085e+004	
1.71705716e+001	1.10605920e+004	
1.72083091e+001	1.10373760e+004	
1.72460466e+001	1.10141605e+004	
1.72837842e+001	1.09909455e+004	
1.73215217e+001	1.09677310e+004	
1.73592592e+001	1.09445170e+004	
1.73969967e+001	1.09213035e+004	
1.74347342e+001	1.08980905e+004	
1.74724718e+001	1.08748781e+004	
1.75102093e+001	1.08516662e+004	
1.75479468e+001	1.08284548e+004	
1.75856843e+001	1.08052440e+004	
1.76234218e+001	1.07820337e+004	
1.76611594e+001	1.07588239e+004	
1.76988969e+001	1.07356147e+004	
1.77366344e+001	1.07124060e+004	
1.77743719e+001	1.06891979e+004	
1.78121094e+001	1.06659903e+004	
1.78498470e+001	1.06427833e+004	
1.78875845e+001	1.06324689e+004	
1.79253220e+001	1.06241818e+004	
1.79630595e+001	1.06158951e+004	
1.80007970e+001	1.06076089e+004	
1.80385346e+001	1.05993232e+004	
1.80762721e+001	1.05910379e+004	
1.81140096e+001	1.05827530e+004	
1.81517471e+001	1.05744686e+004	
1.81894846e+001	1.05661847e+004	
1.82272222e+001	1.05579012e+004	
1.82649597e+001	1.05496182e+004	
1.83026972e+001	1.05413356e+004	
1.83404347e+001	1.05330535e+004	
1.83781722e+001	1.05247719e+004	
1.84159098e+001	1.05164907e+004	
1.84536473e+001	1.05082101e+004	
1.84913848e+001	1.04999298e+004	
1.85291223e+001	1.04916501e+004	
1.85668598e+001	1.04833708e+004	
1.86045974e+001	1.04750920e+004	
1.86423349e+001	1.04668136e+004	
1.86800724e+001	1.04585357e+004	
1.87178099e+001	1.04502583e+004	
1.87555474e+001	1.04419814e+004	
1.87932850e+001	1.04337050e+004	
1.88310225e+001	1.04254290e+004	
1.88687600e+001	1.04171535e+004	
1.89064975e+001	1.04088785e+004	
1.89442350e+001	1.04006040e+004	
1.89819726e+001	1.03923299e+004	
1.90197101e+001	1.03840564e+004	
1.90574476e+001	1.03757833e+004	
1.90951851e+001	1.03675107e+004	
1.91329226e+001	1.03592386e+004	
1.91706602e+001	1.03509670e+004	
1.92083977e+001	1.03426958e+004	
1.92461352e+001	1.03334794e+004	
1.92838727e+001	1.03239826e+004	
1.93216102e+001	1.03144858e+004	
1.93593478e+001	1.03049891e+004	
1.93970853e+001	1.02954924e+004	
1.94348228e+001	1.02859956e+004	
1.94725603e+001	1.02764990e+004	
1.95102978e+001	1.02670023e+004	
1.95480354e+001	1.02575057e+004	
1.95857729e+001	1.02480091e+004	
1.96235104e+001	1.02385125e+004	
1.96612479e+001	1.02290159e+004	
1.96989854e+001	1.02195194e+004	
1.97367230e+001	1.02100229e+004	
1.97744605e+001	1.02005264e+004	
1.98121980e+001	1.01910300e+004	
1.98499355e+001	1.01815335e+004	
1.98876730e+001	1.01673421e+004	
1.99254106e+001	1.01490004e+004	
1.99631481e+001	1.01306641e+004	
2.00008856e+001	1.01123333e+004	
2.00386231e+001	1.00940079e+004	
2.00763606e+001	1.00756881e+004	
2.01140982e+001	1.00573738e+004	
2.01518357e+001	1.00390652e+004	
2.01895732e+001	1.00207621e+004	
2.02273107e+001	1.00024647e+004	
2.02650482e+001	9.98417300e+003	
2.03027858e+001	9.96408471e+003	
2.03405233e+001	9.94262208e+003	
2.03782608e+001	9.92115966e+003	
2.04159983e+001	9.89969747e+003	
2.04537358e+001	9.87823550e+003	
2.04914734e+001	9.85677376e+003	
2.05292109e+001	9.83531224e+003	
2.05669484e+001	9.81385095e+003	
2.06046859e+001	9.79238990e+003	
2.06424234e+001	9.77092907e+003	
2.06801610e+001	9.74946848e+003	
2.07178985e+001	9.72800812e+003	
2.07556360e+001	9.70654800e+003	
2.07933735e+001	9.68508811e+003	
2.08311110e+001	9.66362847e+003	
2.08688486e+001	9.64216906e+003	
2.09065861e+001	9.62070990e+003	
2.09443236e+001	9.59925099e+003	
2.09820611e+001	9.58242558e+003	
2.10197986e+001	9.56577354e+003	
2.10575362e+001	9.54912311e+003	
2.10952737e+001	9.53247429e+003	
2.11330112e+001	9.51582710e+003	
2.11707487e+001	9.49918153e+003	
2.12084862e+001	9.48253761e+003	
2.12462238e+001	9.46589533e+003	
2.12839613e+001	9.44925471e+003	
2.13216988e+001	9.43261576e+003	
2.13594363e+001	9.41597848e+003	
2.13971738e+001	9.39934288e+003	
2.14349114e+001	9.38270898e+003	
2.14726489e+001	9.36607678e+003	
2.15103864e+001	9.34944629e+003	
2.15481239e+001	9.33281752e+003	
2.15858614e+001	9.31619048e+003	
2.16235990e+001	9.29956517e+003	
2.16613365e+001	9.28294162e+003	
2.16990740e+001	9.26631982e+003	
2.17368115e+001	9.25025908e+003	
2.17745490e+001	9.23464001e+003	
2.18122866e+001	9.21902109e+003	
2.18500241e+001	9.20340234e+003	
2.18877616e+001	9.18778375e+003	
2.19254991e+001	9.17216533e+003	
2.19632366e+001	9.15654706e+003	
2.20009742e+001	9.14092897e+003	
2.20387117e+001	9.12531104e+003	
2.20764492e+001	9.10969328e+003	
2.21141867e+001	9.09407568e+003	
2.21519242e+001	9.07845826e+003	
2.21896618e+001	9.06284100e+003	
2.22273993e+001	9.04722391e+003	
2.22651368e+001	9.03160700e+003	
2.23028743e+001	9.01599026e+003	
2.23406118e+001	9.00037369e+003	
2.23783494e+001	8.98475729e+003	
2.24160869e+001	8.96914107e+003	
2.24538244e+001	8.95467620e+003	
2.24915619e+001	8.94081456e+003	
2.25292994e+001	8.92695351e+003	
2.25670370e+001	8.91309305e+003	
2.26047745e+001	8.89923319e+003	
2.26425120e+001	8.88537393e+003	
2.26802495e+001	8.87151526e+003	
2.27179870e+001	8.85765721e+003	
2.27557246e+001	8.84379975e+003	
2.27934621e+001	8.82994291e+003	
2.28311996e+001	8.81608669e+003	
2.28689371e+001	8.80223107e+003	
2.29066746e+001	8.78837608e+003	
2.29444122e+001	8.77452171e+003	
2.29821497e+001	8.76066796e+003	
2.30198872e+001	8.74681484e+003	
2.30576247e+001	8.73296235e+003	
2.30953622e+001	8.71911050e+003	
2.31330998e+001	8.70525928e+003	
2.31708373e+001	8.69140870e+003	
2.32085748e+001	8.67755876e+003	
2.32463123e+001	8.66370947e+003	
2.32840498e+001	8.64986083e+003	
2.33217874e+001	8.63601284e+003	
2.33595249e+001	8.62216550e+003	
2.33972624e+001	8.60831883e+003	
2.34349999e+001	8.59447281e+003	
2.34727374e+001	8.58019059e+003	
2.35104750e+001	8.56479121e+003	
2.35482125e+001	8.54939451e+003	
2.35859500e+001	8.53400050e+003	
2.36236875e+001	8.51860918e+003	
2.36614250e+001	8.50322058e+003	
2.36991626e+001	8.48783470e+003	
2.37369001e+001	8.47290375e+003	
2.37746376e+001	8.46603905e+003	
2.38123751e+001	8.45917887e+003	
2.38501126e+001	8.45232320e+003	
2.38878502e+001	8.44547208e+003	
2.39255877e+001	8.43862550e+003	
2.39633252e+001	8.43178348e+003	
2.40010627e+001	8.42494603e+003	
2.40388002e+001	8.41811316e+003	
2.40765378e+001	8.41128488e+003	
2.41142753e+001	8.40446120e+003	
2.41520128e+001	8.39764213e+003	
2.41897503e+001	8.39082770e+003	
2.42274878e+001	8.38401789e+003	
2.42652254e+001	8.37721274e+003	
2.43029629e+001	8.37041224e+003	
2.43407004e+001	8.36257207e+003	
2.43784379e+001	8.35400196e+003	
2.44161754e+001	8.34543299e+003	
2.44539130e+001	8.33686516e+003	
2.44916505e+001	8.32829848e+003	
2.45293880e+001	8.31973293e+003	
2.45671255e+001	8.31116854e+003	
2.46048630e+001	8.30260530e+003	
2.46426006e+001	8.29404322e+003	
2.46803381e+001	8.28548230e+003	
2.47180756e+001	8.27692254e+003	
2.47558131e+001	8.26836395e+003	
2.47935506e+001	8.25980653e+003	
2.48312882e+001	8.25125029e+003	
2.48690257e+001	8.24269523e+003	
2.49067632e+001	8.23414134e+003	
2.49445007e+001	8.22558865e+003	
2.49822382e+001	8.21703714e+003	
2.50199758e+001	8.20848683e+003	
2.50577133e+001	8.19993771e+003	
2.50954508e+001	8.19138980e+003	
2.51331883e+001	8.18284309e+003	
2.51709258e+001	8.17429759e+003	
2.52086634e+001	8.16575330e+003	
2.52464009e+001	8.15721023e+003	
2.52841384e+001	8.14866837e+003	
2.53218759e+001	8.14012774e+003	
2.53596134e+001	8.13158834e+003	
2.53973510e+001	8.12305017e+003	
2.54350885e+001	8.11451324e+003	
2.54728260e+001	8.10597754e+003	
2.55105635e+001	8.09744309e+003	
2.55483010e+001	8.08794185e+003	
2.55860386e+001	8.07454187e+003	
2.56237761e+001	8.06114266e+003	
2.56615136e+001	8.04774423e+003	
2.56992511e+001	8.03434658e+003	
2.57369886e+001	8.02094971e+003	
2.57747262e+001	8.00755364e+003	
2.58124637e+001	7.99415837e+003	
2.58502012e+001	7.98076389e+003	
2.58879387e+001	7.96737021e+003	
2.59256762e+001	7.95397734e+003	
2.59634138e+001	7.94058529e+003	
2.60011513e+001	7.92719404e+003	
2.60388888e+001	7.91380362e+003	
2.60766263e+001	7.90041402e+003	
2.61143638e+001	7.88702524e+003	
2.61521014e+001	7.87363730e+003	
2.61898389e+001	7.86025020e+003	
2.62275764e+001	7.84686393e+003	
2.62653139e+001	7.83347851e+003	
2.63030514e+001	7.82009394e+003	
2.63407890e+001	7.80671022e+003	
2.63785265e+001	7.79332736e+003	
2.64162640e+001	7.77994536e+003	
2.64540015e+001	7.76656422e+003	
2.64917390e+001	7.75318396e+003	
2.65294766e+001	7.73980457e+003	
2.65672141e+001	7.72642607e+003	
2.66049516e+001	7.71304845e+003	
2.66426891e+001	7.69967171e+003	
2.66804266e+001	7.68629587e+003	
2.67181642e+001	7.67292093e+003	
2.67559017e+001	7.65954690e+003	
2.67936392e+001	7.64617377e+003	
2.68313767e+001	7.63330197e+003	
2.68691142e+001	7.62153072e+003	
2.69068518e+001	7.60976368e+003	
2.69445893e+001	7.59800089e+003	
2.69823268e+001	7.58624236e+003	
2.70200643e+001	7.57448811e+003	
2.70578018e+001	7.55838929e+003	
2.70955394e+001	7.54182046e+003	
2.71332769e+001	7.52847593e+003	
2.71710144e+001	7.51774948e+003	
2.72087519e+001	7.50702419e+003	
2.72464894e+001	7.49630006e+003	
2.72842270e+001	7.48557710e+003	
2.73219645e+001	7.47485531e+003	
2.73597020e+001	7.46413470e+003	
2.73974395e+001	7.45341527e+003	
2.74351770e+001	7.44269702e+003	
2.74729146e+001	7.43197997e+003	
2.75106521e+001	7.42126412e+003	
2.75483896e+001	7.41054946e+003	
2.75861271e+001	7.39983602e+003	
2.76238646e+001	7.38912379e+003	
2.76616022e+001	7.37841277e+003	
2.76993397e+001	7.36770298e+003	
2.77370772e+001	7.35699442e+003	
2.77748147e+001	7.34628710e+003	
2.78125522e+001	7.33558101e+003	
2.78502898e+001	7.32487617e+003	
2.78880273e+001	7.31417258e+003	
2.79257648e+001	7.30347025e+003	
2.79635023e+001	7.29276918e+003	
2.80012398e+001	7.28206937e+003	
2.80389774e+001	7.27137084e+003	
2.80767149e+001	7.26067358e+003	
2.81144524e+001	7.24997762e+003	
2.81521899e+001	7.23928294e+003	
2.81899274e+001	7.22858955e+003	
2.82276650e+001	7.21789747e+003	
2.82654025e+001	7.20720669e+003	
2.83031400e+001	7.19651723e+003	
2.83408775e+001	7.18582909e+003	
2.83786150e+001	7.17514227e+003	
2.84163526e+001	7.16445678e+003	
2.84540901e+001	7.15414196e+003	
2.84918276e+001	7.14408160e+003	
2.85295651e+001	7.13402262e+003	
2.85673026e+001	7.12396503e+003	
2.86050402e+001	7.11390883e+003	
2.86427777e+001	7.10385403e+003	
2.86805152e+001	7.09380063e+003	
2.87182527e+001	7.08374864e+003	
2.87559902e+001	7.07369807e+003	
2.87937278e+001	7.06364892e+003	
2.88314653e+001	7.05360120e+003	
2.88692028e+001	7.04355491e+003	
2.89069403e+001	7.03351007e+003	
2.89446778e+001	7.02346667e+003	
2.89824154e+001	7.01342472e+003	
2.90201529e+001	7.00338423e+003	
2.90578904e+001	6.99256765e+003	
2.90956279e+001	6.98117883e+003	
2.91333654e+001	6.96979009e+003	
2.91711030e+001	6.95840142e+003	
2.92088405e+001	6.94701283e+003	
2.92465780e+001	6.93562431e+003	
2.92843155e+001	6.92423587e+003	
2.93220530e+001	6.91284750e+003	
2.93597906e+001	6.90145921e+003	
2.93975281e+001	6.89007100e+003	
2.94352656e+001	6.87868286e+003	
2.94730031e+001	6.86729480e+003	
2.95107406e+001	6.85590681e+003	
2.95484782e+001	6.84451891e+003	
2.95862157e+001	6.83313108e+003	
2.96239532e+001	6.82174333e+003	
2.96616907e+001	6.81035566e+003	
2.96994282e+001	6.79896807e+003	
2.97371658e+001	6.78758056e+003	
2.97749033e+001	6.77619313e+003	
2.98126408e+001	6.76480578e+003	
2.98503783e+001	6.75341851e+003	
2.98881158e+001	6.74217049e+003	
2.99258534e+001	6.73130044e+003	
2.99635909e+001	6.72043247e+003	
3.00013284e+001	6.70956659e+003	
3.00390659e+001	6.69870280e+003	
3.00768034e+001	6.68784113e+003	
3.01145410e+001	6.67698157e+003	
3.01522785e+001	6.66612414e+003	
3.01900160e+001	6.65526886e+003	
3.02277535e+001	6.64441572e+003	
3.02654910e+001	6.63356474e+003	
3.03032286e+001	6.62278542e+003	
3.03409661e+001	6.61251126e+003	
3.03787036e+001	6.60223807e+003	
3.04164411e+001	6.59196585e+003	
3.04541786e+001	6.58169460e+003	
3.04919162e+001	6.57142434e+003	
3.05296537e+001	6.56115506e+003	
3.05673912e+001	6.55088677e+003	
3.06051287e+001	6.54061947e+003	
3.06428662e+001	6.53035318e+003	
3.06806038e+001	6.52008788e+003	
3.07183413e+001	6.50982360e+003	
3.07560788e+001	6.49956033e+003	
3.07938163e+001	6.48929807e+003	
3.08315538e+001	6.47903684e+003	
3.08692914e+001	6.46877664e+003	
3.09070289e+001	6.45835236e+003	
3.09447664e+001	6.44754949e+003	
3.09825039e+001	6.43674714e+003	
3.10202414e+001	6.42594531e+003	
3.10579790e+001	6.41514401e+003	
3.10957165e+001	6.40434323e+003	
3.11334540e+001	6.39354300e+003	
3.11711915e+001	6.38274329e+003	
3.12089290e+001	6.37194413e+003	
3.12466666e+001	6.36114550e+003	
3.12844041e+001	6.35034742e+003	
3.13221416e+001	6.33954988e+003	
3.13598791e+001	6.32875290e+003	
3.13976166e+001	6.31795646e+003	
3.14353542e+001	6.30716058e+003	
3.14730917e+001	6.29636526e+003	
3.15108292e+001	6.28557050e+003	
3.15485667e+001	6.27477630e+003	
3.15863042e+001	6.26390726e+003	
3.16240418e+001	6.24882900e+003	
3.16617793e+001	6.23375157e+003	
3.16995168e+001	6.21867497e+003	
3.17372543e+001	6.20359922e+003	
3.17749918e+001	6.18852430e+003	
3.18127294e+001	6.17345025e+003	
3.18504669e+001	6.15837705e+003	
3.18882044e+001	6.14342485e+003	
3.19259419e+001	6.12884017e+003	
3.19636794e+001	6.11425556e+003	
3.20014170e+001	6.09967102e+003	
3.20391545e+001	6.08508656e+003	
3.20768920e+001	6.07050218e+003	
3.21146295e+001	6.05591787e+003	
3.21523670e+001	6.04133363e+003	
3.21901046e+001	6.02674948e+003	
3.22278421e+001	6.01216540e+003	
3.22655796e+001	5.99758140e+003	
3.23033171e+001	5.98299747e+003	
3.23410546e+001	5.96841363e+003	
3.23787922e+001	5.95382986e+003	
3.24165297e+001	5.93924618e+003	
3.24542672e+001	5.92466257e+003	
3.24920047e+001	5.91007905e+003	
3.25297422e+001	5.89549561e+003	
3.25674798e+001	5.88091225e+003	
3.26052173e+001	5.86804967e+003	
3.26429548e+001	5.86300838e+003	
3.26806923e+001	5.85796709e+003	
3.27184298e+001	5.85292581e+003	
3.27561674e+001	5.84788454e+003	
3.27939049e+001	5.84284328e+003	
3.28316424e+001	5.83780202e+003	
3.28693799e+001	5.83276077e+003	
3.29071174e+001	5.82771953e+003	
3.29448550e+001	5.82267829e+003	
3.29825925e+001	5.81763706e+003	
3.30203300e+001	5.81259584e+003	
3.30580675e+001	5.80755463e+003	
3.30958050e+001	5.80251342e+003	
3.31335426e+001	5.79747222e+003	
3.31712801e+001	5.79243103e+003	
3.32090176e+001	5.78738984e+003	
3.32467551e+001	5.78234866e+003	
3.32844926e+001	5.77730749e+003	
3.33222302e+001	5.77226633e+003	
3.33599677e+001	5.76722517e+003	
3.33977052e+001	5.76218403e+003	
3.34354427e+001	5.75714288e+003	
3.34731802e+001	5.75210175e+003	
3.35109178e+001	5.74706062e+003	
3.35486553e+001	5.74201950e+003	
3.35863928e+001	5.73697839e+003	
3.36241303e+001	5.73193729e+003	
3.36618678e+001	5.72689619e+003	
3.36996054e+001	5.72185510e+003	
3.37373429e+001	5.71681402e+003	
3.37750804e+001	5.71177295e+003	
3.38128179e+001	5.70673188e+003	
3.38505554e+001	5.70169082e+003	
3.38882930e+001	5.69664977e+003	
3.39260305e+001	5.69160873e+003	
3.39637680e+001	5.68656770e+003	
3.40015055e+001	5.68152667e+003	
3.40392430e+001	5.67648565e+003	
3.40769806e+001	5.67085968e+003	
3.41147181e+001	5.66474379e+003	
3.41524556e+001	5.65862791e+003	
3.41901931e+001	5.65251203e+003	
3.42279306e+001	5.64639614e+003	
3.42656682e+001	5.64028026e+003	
3.43034057e+001	5.63416438e+003	
3.43411432e+001	5.62804849e+003	
3.43788807e+001	5.62193261e+003	
3.44166182e+001	5.61581673e+003	
3.44543558e+001	5.60970084e+003	
3.44920933e+001	5.60358496e+003	
3.45298308e+001	5.59746908e+003	
3.45675683e+001	5.59135320e+003	
3.46053058e+001	5.58483231e+003	
3.46430434e+001	5.57357720e+003	
3.46807809e+001	5.56232245e+003	
3.47185184e+001	5.55106808e+003	
3.47562559e+001	5.53981410e+003	
3.47939934e+001	5.52856049e+003	
3.48317310e+001	5.51730727e+003	
3.48694685e+001	5.50605444e+003	
3.49072060e+001	5.49480199e+003	
3.49449435e+001	5.48354994e+003	
3.49826810e+001	5.47229828e+003	
3.50204186e+001	5.46104702e+003	
3.50581561e+001	5.44979615e+003	
3.50958936e+001	5.43854569e+003	
3.51336311e+001	5.42729563e+003	
3.51713686e+001	5.41604598e+003	
3.52091062e+001	5.40479674e+003	
3.52468437e+001	5.39354791e+003	
3.52845812e+001	5.38229949e+003	
3.53223187e+001	5.37105149e+003	
3.53600562e+001	5.35980390e+003	
3.53977938e+001	5.34855674e+003	
3.54355313e+001	5.33731001e+003	
3.54732688e+001	5.32606370e+003	
3.55110063e+001	5.31481782e+003	
3.55487438e+001	5.30357238e+003	
3.55864814e+001	5.28998628e+003	
3.56242189e+001	5.27616178e+003	
3.56619564e+001	5.26233738e+003	
3.56996939e+001	5.24851309e+003	
3.57374314e+001	5.23468889e+003	
3.57751690e+001	5.22086480e+003	
3.58129065e+001	5.20704081e+003	
3.58506440e+001	5.19321692e+003	
3.58883815e+001	5.17939314e+003	
3.59261190e+001	5.16825832e+003	
3.59638566e+001	5.15879929e+003	
3.60015941e+001	5.14934027e+003	
3.60393316e+001	5.13988126e+003	
3.60770691e+001	5.13042226e+003	
3.61148066e+001	5.12096326e+003	
3.61525442e+001	5.11085919e+003	
3.61902817e+001	5.09967733e+003	
3.62280192e+001	5.08849773e+003	
3.62657567e+001	5.07732043e+003	
3.63034942e+001	5.06614543e+003	
3.63412318e+001	5.05497274e+003	
3.63789693e+001	5.04380239e+003	
3.64167068e+001	5.03263438e+003	
3.64544443e+001	5.02146874e+003	
3.64921818e+001	5.01030548e+003	
3.65299194e+001	4.99914462e+003	
3.65676569e+001	4.98798617e+003	
3.66053944e+001	4.97683014e+003	
3.66431319e+001	4.96567657e+003	
3.66808694e+001	4.95452545e+003	
3.67186070e+001	4.94337681e+003	
3.67563445e+001	4.93223066e+003	
3.67940820e+001	4.92108703e+003	
3.68318195e+001	4.90994593e+003	
3.68695570e+001	4.89880737e+003	
3.69072946e+001	4.88772605e+003	
3.69450321e+001	4.87751418e+003	
3.69827696e+001	4.86730467e+003	
3.70205071e+001	4.85709752e+003	
3.70582446e+001	4.84689275e+003	
3.70959822e+001	4.83669038e+003	
3.71337197e+001	4.82649041e+003	
3.71714572e+001	4.81629288e+003	
3.72091947e+001	4.80609779e+003	
3.72469322e+001	4.79590515e+003	
3.72846698e+001	4.78571498e+003	
3.73224073e+001	4.77552731e+003	
3.73601448e+001	4.76534214e+003	
3.73978823e+001	4.75515949e+003	
3.74356198e+001	4.74497938e+003	
3.74733574e+001	4.73480182e+003	
3.75110949e+001	4.72462683e+003	
3.75488324e+001	4.71445443e+003	
3.75865699e+001	4.70428463e+003	
3.76243074e+001	4.69411745e+003	
3.76620450e+001	4.68395291e+003	
3.76997825e+001	4.67304380e+003	
3.77375200e+001	4.66141499e+003	
3.77752575e+001	4.64978640e+003	
3.78129950e+001	4.63815806e+003	
3.78507326e+001	4.62652994e+003	
3.78884701e+001	4.61490207e+003	
3.79262076e+001	4.60327443e+003	
3.79639451e+001	4.59164703e+003	
3.80016827e+001	4.57918243e+003	
3.80394202e+001	4.56644826e+003	
3.80771577e+001	4.55371410e+003	
3.81148952e+001	4.54097994e+003	
3.81526327e+001	4.52824577e+003	
3.81903703e+001	4.51551161e+003	
3.82281078e+001	4.50283941e+003	
3.82658453e+001	4.49032463e+003	
3.83035828e+001	4.47781114e+003	
3.83413203e+001	4.46529898e+003	
3.83790579e+001	4.45278813e+003	
3.84167954e+001	4.44027863e+003	
3.84545329e+001	4.42777048e+003	
3.84922704e+001	4.41526369e+003	
3.85300079e+001	4.40275827e+003	
3.85677455e+001	4.39025423e+003	
3.86054830e+001	4.37775159e+003	
3.86432205e+001	4.36525035e+003	
3.86809580e+001	4.35275054e+003	
3.87186955e+001	4.34025216e+003	
3.87564331e+001	4.32775523e+003	
3.87941706e+001	4.31525975e+003	
3.88319081e+001	4.30276574e+003	
3.88696456e+001	4.29027321e+003	
3.89073831e+001	4.27778218e+003	
3.89451207e+001	4.26529266e+003	
3.89828582e+001	4.25280466e+003	
3.90205957e+001	4.24031820e+003	
3.90583332e+001	4.22783328e+003	
3.90960707e+001	4.21534993e+003	
3.91338083e+001	4.20286815e+003	
3.91715458e+001	4.19038797e+003	
3.92092833e+001	4.17790939e+003	
3.92470208e+001	4.16543243e+003	
3.92847583e+001	4.15295711e+003	
3.93224959e+001	4.14541893e+003	
3.93602334e+001	4.13888406e+003	
3.93979709e+001	4.13234982e+003	
3.94357084e+001	4.12581623e+003	
3.94734459e+001	4.11928328e+003	
3.95111835e+001	4.11275097e+003	
3.95489210e+001	4.10621931e+003	
3.95866585e+001	4.09968830e+003	
3.96243960e+001	4.09315794e+003	
3.96621335e+001	4.08662825e+003	
3.96998711e+001	4.08009921e+003	
3.97376086e+001	4.07357084e+003	
3.97753461e+001	4.06704313e+003	
3.98130836e+001	4.06051609e+003	
3.98508211e+001	4.05398973e+003	
3.98885587e+001	4.04746404e+003	
3.99262962e+001	4.04093903e+003	
3.99640337e+001	4.03441471e+003	
4.00017712e+001	4.02789107e+003	
4.00395087e+001	4.02136812e+003	
4.00772463e+001	4.01484587e+003	
4.01149838e+001	4.00832431e+003	
4.01527213e+001	4.00180345e+003	
4.01904588e+001	3.99528330e+003	
4.02281963e+001	3.98876385e+003	
4.02659339e+001	3.98207022e+003	
4.03036714e+001	3.97507926e+003	
4.03414089e+001	3.96808856e+003	
4.03791464e+001	3.96109812e+003	
4.04168839e+001	3.95410794e+003	
4.04546215e+001	3.94711803e+003	
4.04923590e+001	3.94012838e+003	
4.05300965e+001	3.93313901e+003	
4.05678340e+001	3.92614990e+003	
4.06055715e+001	3.91916106e+003	
4.06433091e+001	3.91217249e+003	
4.06810466e+001	3.90518419e+003	
4.07187841e+001	3.89819617e+003	
4.07565216e+001	3.89120842e+003	
4.07942591e+001	3.88422095e+003	
4.08319967e+001	3.87723376e+003	
4.08697342e+001	3.87024685e+003	
4.09074717e+001	3.86326023e+003	
4.09452092e+001	3.85627388e+003	
4.09829467e+001	3.84928782e+003	
4.10206843e+001	3.84230205e+003	
4.10584218e+001	3.83531656e+003	
4.10961593e+001	3.82833137e+003	
4.11338968e+001	3.82134647e+003	
4.11716343e+001	3.81436185e+003	
4.12093719e+001	3.80737754e+003	
4.12471094e+001	3.80039352e+003	
4.12848469e+001	3.79340979e+003	
4.13225844e+001	3.78494090e+003	
4.13603219e+001	3.77611339e+003	
4.13980595e+001	3.76728588e+003	
4.14357970e+001	3.75845838e+003	
4.14735345e+001	3.74963087e+003	
4.15112720e+001	3.74080336e+003	
4.15490095e+001	3.73197586e+003	
4.15867471e+001	3.72314835e+003	
4.16244846e+001	3.71432084e+003	
4.16622221e+001	3.70549334e+003	
4.16999596e+001	3.69666583e+003	
4.17376971e+001	3.68783832e+003	
4.17754347e+001	3.67901082e+003	
4.18131722e+001	3.67018331e+003	
4.18509097e+001	3.66135581e+003	
4.18886472e+001	3.65252830e+003	
4.19263847e+001	3.64370079e+003	
4.19641223e+001	3.63487329e+003	
4.20018598e+001	3.62604578e+003	
4.20395973e+001	3.61721827e+003	
4.20773348e+001	3.60839077e+003	
4.21150723e+001	3.59956326e+003	
4.21528099e+001	3.59073576e+003	
4.21905474e+001	3.58190825e+003	
4.22282849e+001	3.57308074e+003	
4.22660224e+001	3.56425324e+003	
4.23037599e+001	3.55542573e+003	
4.23414975e+001	3.54659822e+003	
4.23792350e+001	3.53777072e+003	
4.24169725e+001	3.52894321e+003	
4.24547100e+001	3.52011571e+003	
4.24924475e+001	3.51128820e+003	
4.25301851e+001	3.50246069e+003	
4.25679226e+001	3.49363319e+003	
4.26056601e+001	3.48480568e+003	
4.26433976e+001	3.47597818e+003	
4.26811351e+001	3.46715067e+003	
4.27188727e+001	3.45832317e+003	
4.27566102e+001	3.44949566e+003	
4.27943477e+001	3.44066815e+003	
4.28320852e+001	3.43184065e+003	
4.28698227e+001	3.42285002e+003	
4.29075603e+001	3.41290533e+003	
4.29452978e+001	3.40296132e+003	
4.29830353e+001	3.39301800e+003	
4.30207728e+001	3.38307537e+003	
4.30585103e+001	3.37313345e+003	
4.30962479e+001	3.36319224e+003	
4.31339854e+001	3.35325174e+003	
4.31717229e+001	3.34331196e+003	
4.32094604e+001	3.33337291e+003	
4.32471979e+001	3.32554201e+003	
4.32849355e+001	3.31947792e+003	
4.33226730e+001	3.31341504e+003	
4.33604105e+001	3.30694714e+003	
4.33981480e+001	3.29516675e+003	
4.34358855e+001	3.28338673e+003	
4.34736231e+001	3.27160710e+003	
4.35113606e+001	3.25982785e+003	
4.35490981e+001	3.24804899e+003	
4.35868356e+001	3.23627053e+003	
4.36245731e+001	3.22449247e+003	
4.36623107e+001	3.21271481e+003	
4.37000482e+001	3.20093756e+003	
4.37377857e+001	3.18916072e+003	
4.37755232e+001	3.17790003e+003	
4.38132607e+001	3.16771932e+003	
4.38509983e+001	3.15753875e+003	
4.38887358e+001	3.14735831e+003	
4.39264733e+001	3.13717801e+003	
4.39642108e+001	3.12699785e+003	
4.40019483e+001	3.11681783e+003	
4.40396859e+001	3.10663794e+003	
4.40774234e+001	3.09645820e+003	
4.41151609e+001	3.08627860e+003	
4.41528984e+001	3.07609915e+003	
4.41906359e+001	3.06591984e+003	
4.42283735e+001	3.05574068e+003	
4.42661110e+001	3.04556167e+003	
4.43038485e+001	3.03538281e+003	
4.43415860e+001	3.02520410e+003	
4.43793235e+001	3.01502555e+003	
4.44170611e+001	3.00484715e+003	
4.44547986e+001	2.99466890e+003	
4.44925361e+001	2.98449082e+003	
4.45302736e+001	2.97431289e+003	
4.45680111e+001	2.96413513e+003	
4.46057487e+001	2.95395753e+003	
4.46434862e+001	2.94378009e+003	
4.46812237e+001	2.93360283e+003	
4.47189612e+001	2.92342573e+003	
4.47566987e+001	2.91324880e+003	
4.47944363e+001	2.90307204e+003	
4.48321738e+001	2.89289545e+003	
4.48699113e+001	2.88271904e+003	
4.49076488e+001	2.87254281e+003	
4.49453863e+001	2.86236676e+003	
4.49831239e+001	2.85219089e+003	
4.50208614e+001	2.84173113e+003	
4.50585989e+001	2.82829344e+003	
4.50963364e+001	2.81486406e+003	
4.51340739e+001	2.80144312e+003	
4.51718115e+001	2.78803073e+003	
4.52095490e+001	2.77462702e+003	
4.52472865e+001	2.76123211e+003	
4.52850240e+001	2.74784613e+003	
4.53227615e+001	2.73446922e+003	
4.53604991e+001	2.72110150e+003	
4.53982366e+001	2.70774311e+003	
4.54359741e+001	2.69620276e+003	
4.54737116e+001	2.68830989e+003	
4.55114491e+001	2.68042029e+003	
4.55491867e+001	2.67253400e+003	
4.55869242e+001	2.66465104e+003	
4.56246617e+001	2.65677144e+003	
4.56623992e+001	2.64889523e+003	
4.57001367e+001	2.64102244e+003	
4.57378743e+001	2.63315311e+003	
4.57756118e+001	2.62528726e+003	
4.58133493e+001	2.61742492e+003	
4.58510868e+001	2.60956613e+003	
4.58888243e+001	2.60171092e+003	
4.59265619e+001	2.59385932e+003	
4.59642994e+001	2.58601137e+003	
4.60020369e+001	2.57816709e+003	
4.60397744e+001	2.57032652e+003	
4.60775119e+001	2.56248970e+003	
4.61152495e+001	2.55465666e+003	
4.61529870e+001	2.54682743e+003	
4.61907245e+001	2.53900205e+003	
4.62284620e+001	2.53118056e+003	
4.62661995e+001	2.52336299e+003	
4.63039371e+001	2.51554938e+003	
4.63416746e+001	2.50773976e+003	
4.63794121e+001	2.49993417e+003	
4.64171496e+001	2.49213266e+003	
4.64548871e+001	2.48433525e+003	
4.64926247e+001	2.47654200e+003	
4.65303622e+001	2.46875293e+003	
4.65680997e+001	2.46104793e+003	
4.66058372e+001	2.45349490e+003	
4.66435747e+001	2.44594310e+003	
4.66813123e+001	2.43839255e+003	
4.67190498e+001	2.43084326e+003	
4.67567873e+001	2.42329524e+003	
4.67945248e+001	2.41574850e+003	
4.68322623e+001	2.40820306e+003	
4.68699999e+001	2.40065892e+003	
4.69077374e+001	2.39311611e+003	
4.69454749e+001	2.38557462e+003	
4.69832124e+001	2.37803448e+003	
4.70209499e+001	2.37049570e+003	
4.70586875e+001	2.36295829e+003	
4.70964250e+001	2.35542226e+003	
4.71341625e+001	2.34788763e+003	
4.71719000e+001	2.34035441e+003	
4.72096375e+001	2.33282262e+003	
4.72473751e+001	2.32529226e+003	
4.72851126e+001	2.31776335e+003	
4.73228501e+001	2.31023591e+003	
4.73605876e+001	2.30270995e+003	
4.73983251e+001	2.29518548e+003	
4.74360627e+001	2.28766253e+003	
4.74738002e+001	2.28014110e+003	
4.75115377e+001	2.27262121e+003	
4.75492752e+001	2.26510287e+003	
4.75870127e+001	2.25758611e+003	
4.76247503e+001	2.24556579e+003	
4.76624878e+001	2.23343802e+003	
4.77002253e+001	2.22131777e+003	
4.77379628e+001	2.20920515e+003	
4.77757003e+001	2.19710028e+003	
4.78134379e+001	2.18500331e+003	
4.78511754e+001	2.17291436e+003	
4.78889129e+001	2.16083356e+003	
4.79266504e+001	2.14876106e+003	
4.79643879e+001	2.13669699e+003	
4.80021255e+001	2.12471258e+003	
4.80398630e+001	2.11276174e+003	
4.80776005e+001	2.10081915e+003	
4.81153380e+001	2.08888495e+003	
4.81530755e+001	2.07695930e+003	
4.81908131e+001	2.06504233e+003	
4.82285506e+001	2.05313420e+003	
4.82662881e+001	2.04123506e+003	
4.83040256e+001	2.02934507e+003	
4.83417631e+001	2.01746439e+003	
4.83795007e+001	2.00559319e+003	
4.84172382e+001	1.99373164e+003	
4.84549757e+001	1.98187990e+003	
4.84927132e+001	1.96999456e+003	
4.85304507e+001	1.95766278e+003	
4.85681883e+001	1.94533982e+003	
4.86059258e+001	1.93302584e+003	
4.86436633e+001	1.92072101e+003	
4.86814008e+001	1.90842552e+003	
4.87191383e+001	1.89613954e+003	
4.87568759e+001	1.88386326e+003	
4.87946134e+001	1.87159687e+003	
4.88323509e+001	1.85934057e+003	
4.88700884e+001	1.84709456e+003	
4.89078259e+001	1.83485904e+003	
4.89455635e+001	1.82263423e+003	
4.89833010e+001	1.81042033e+003	
4.90210385e+001	1.79821758e+003	
4.90587760e+001	1.78602621e+003	
4.90965135e+001	1.77384644e+003	
4.91342511e+001	1.76167852e+003	
4.91719886e+001	1.74952269e+003	
4.92097261e+001	1.73835154e+003	
4.92474636e+001	1.73078473e+003	
4.92852011e+001	1.72321809e+003	
4.93229387e+001	1.71565161e+003	
4.93606762e+001	1.70808529e+003	
4.93984137e+001	1.70051914e+003	
4.94361512e+001	1.69295317e+003	
4.94738887e+001	1.68538736e+003	
4.95116263e+001	1.67782173e+003	
4.95493638e+001	1.67025628e+003	
4.95871013e+001	1.66269100e+003	
4.96248388e+001	1.65512591e+003	
4.96625763e+001	1.64756100e+003	
4.97003139e+001	1.63999628e+003	
4.97380514e+001	1.63243175e+003	
4.97757889e+001	1.62627530e+003	
4.98135264e+001	1.62056630e+003	
4.98512639e+001	1.61485898e+003	
4.98890015e+001	1.60915335e+003	
4.99267390e+001	1.60344943e+003	
4.99644765e+001	1.59774724e+003	
5.00022140e+001	1.59204679e+003	
5.00399515e+001	1.58634812e+003	
5.00776891e+001	1.58065122e+003	
5.01154266e+001	1.57495614e+003	
5.01531641e+001	1.56926288e+003	
5.01909016e+001	1.56357146e+003	
5.02286391e+001	1.55788191e+003	
5.02663767e+001	1.55219424e+003	
5.03041142e+001	1.54650848e+003	
5.03418517e+001	1.54082464e+003	
5.03795892e+001	1.53514276e+003	
5.04173267e+001	1.52946284e+003	
5.04550643e+001	1.52378492e+003	
5.04928018e+001	1.51810901e+003	
5.05305393e+001	1.51243514e+003	
5.05682768e+001	1.50676333e+003	
5.06060143e+001	1.50109360e+003	
5.06437519e+001	1.49542598e+003	
5.06814894e+001	1.48976049e+003	
5.07192269e+001	1.48409716e+003	
5.07569644e+001	1.47843600e+003	
5.07947019e+001	1.47277706e+003	
5.08324395e+001	1.46712034e+003	
5.08701770e+001	1.46146589e+003	
5.09079145e+001	1.45581371e+003	
5.09456520e+001	1.45016385e+003	
5.09833895e+001	1.44451632e+003	
5.10211271e+001	1.43887116e+003	
5.10588646e+001	1.43322839e+003	
5.10966021e+001	1.42280775e+003	
5.11343396e+001	1.41226680e+003	
5.11720771e+001	1.40172939e+003	
5.12098147e+001	1.39119560e+003	
5.12475522e+001	1.38066553e+003	
5.12852897e+001	1.37013926e+003	
5.13230272e+001	1.35961686e+003	
5.13607647e+001	1.34909844e+003	
5.13985023e+001	1.33858409e+003	
5.14362398e+001	1.32807391e+003	
5.14739773e+001	1.31756798e+003	
5.15117148e+001	1.30706643e+003	
5.15494523e+001	1.29656935e+003	
5.15871899e+001	1.28607685e+003	
5.16249274e+001	1.27558905e+003	
5.16626649e+001	1.26510606e+003	
5.17004024e+001	1.25462800e+003	
5.17381399e+001	1.24415500e+003	
5.17758775e+001	1.23368719e+003	
5.18136150e+001	1.22322470e+003	
5.18513525e+001	1.21276766e+003	
5.18890900e+001	1.20231623e+003	
5.19268275e+001	1.19187054e+003	
5.19645651e+001	1.18143076e+003	
5.20023026e+001	1.17099703e+003	
5.20400401e+001	1.16056952e+003	
5.20777776e+001	1.15014840e+003	
5.21155151e+001	1.13840212e+003	
5.21532527e+001	1.12624155e+003	
5.21909902e+001	1.11424390e+003	
5.22287277e+001	1.10512229e+003	
5.22664652e+001	1.09600088e+003	
5.23042027e+001	1.08687967e+003	
5.23419403e+001	1.07702857e+003	
5.23796778e+001	1.06648491e+003	
5.24174153e+001	1.05594803e+003	
5.24551528e+001	1.04541812e+003	
5.24928903e+001	1.03489542e+003	
5.25306279e+001	1.02438013e+003	
5.25683654e+001	1.01387249e+003	
5.26061029e+001	1.00337274e+003	
5.26438404e+001	9.92881131e+002	
5.26815779e+001	9.82397919e+002	
5.27193155e+001	9.71923379e+002	
5.27570530e+001	9.61457794e+002	
5.27947905e+001	9.51001460e+002	
5.28325280e+001	9.40554685e+002	
5.28702655e+001	9.30117791e+002	
5.29080031e+001	9.19691115e+002	
5.29457406e+001	9.08728949e+002	
5.29834781e+001	8.97537287e+002	
5.30212156e+001	8.86355813e+002	
5.30589531e+001	8.75184916e+002	
5.30966907e+001	8.64025007e+002	
5.31344282e+001	8.52876517e+002	
5.31721657e+001	8.41739901e+002	
5.32099032e+001	8.30615634e+002	
5.32476407e+001	8.19504221e+002	
5.32853783e+001	8.08505894e+002	
5.33231158e+001	7.97885751e+002	
5.33608533e+001	7.87274711e+002	
5.33985908e+001	7.76673147e+002	
5.34363283e+001	7.66081455e+002	
5.34740659e+001	7.55500048e+002	
5.35118034e+001	7.44929364e+002	
5.35495409e+001	7.34369868e+002	
5.35872784e+001	7.25497348e+002	
5.36250159e+001	7.18599863e+002	
5.36627535e+001	7.11704161e+002	
5.37004910e+001	7.04810296e+002	
5.37382285e+001	6.97918322e+002	
5.37759660e+001	6.91028294e+002	
5.38137035e+001	6.84140273e+002	
5.38514411e+001	6.77254319e+002	
5.38891786e+001	6.70370496e+002	
5.39269161e+001	6.63488871e+002	
5.39646536e+001	6.56609511e+002	
5.40023911e+001	6.49732491e+002	
5.40401287e+001	6.42857883e+002	
5.40778662e+001	6.32664645e+002	
5.41156037e+001	6.22235482e+002	
5.41533412e+001	6.11809256e+002	
5.41910787e+001	6.01386120e+002	
5.42288163e+001	5.90966237e+002	
5.42665538e+001	5.80549687e+002	
5.43042913e+001	5.70133479e+002	
5.43420288e+001	5.59717401e+002	
5.43797663e+001	5.49301461e+002	
5.44175039e+001	5.38885667e+002	
5.44552414e+001	5.28470029e+002	
5.44929789e+001	5.18054554e+002	
5.45307164e+001	5.07639254e+002	
5.45684539e+001	4.97224139e+002	
5.46061915e+001	4.86809221e+002	
5.46439290e+001	4.76394513e+002	
5.46816665e+001	4.65980029e+002	
5.47194040e+001	4.55565784e+002	
5.47571415e+001	4.45151796e+002	
5.47948791e+001	4.34738083e+002	
5.48326166e+001	4.24324664e+002	
5.48703541e+001	4.13911563e+002	
5.49080916e+001	4.03641726e+002	
5.49458291e+001	3.96262036e+002	
5.49835667e+001	3.88561172e+002	
5.50213042e+001	3.80528847e+002	
5.50590417e+001	3.73368696e+002	
5.50967792e+001	3.66395618e+002	
5.51345167e+001	3.59422972e+002	
5.51722543e+001	3.52450783e+002	
5.52099918e+001	3.45479080e+002	
5.52477293e+001	3.38507892e+002	
5.52854668e+001	3.31537251e+002	
5.53232043e+001	3.24567194e+002	
5.53609419e+001	3.17597759e+002	
5.53986794e+001	3.10628986e+002	
5.54364169e+001	3.03660923e+002	
5.54741544e+001	2.96693619e+002	
5.55118919e+001	2.89727128e+002	
5.55496295e+001	2.82761511e+002	
5.55873670e+001	2.75796835e+002	
5.56251045e+001	2.68833171e+002	
5.56628420e+001	2.61870602e+002	
5.57005795e+001	2.52683405e+002	
5.57383171e+001	2.41302171e+002	
5.57760546e+001	2.29922044e+002	
5.58137921e+001	2.18542064e+002	
5.58515296e+001	2.07170796e+002	
5.58892671e+001	1.95825115e+002	
5.59270047e+001	1.84509742e+002	
5.59647422e+001	1.73230615e+002	
5.60024797e+001	1.61995307e+002	
5.60402172e+001	1.50740617e+002	
5.60779547e+001	1.38237757e+002	
5.61156923e+001	1.25764336e+002	
5.61534298e+001	1.13330072e+002	
5.61911673e+001	1.00949438e+002	
5.62289048e+001	8.86449051e+001	
5.62666423e+001	7.64532275e+001	
5.63043799e+001	6.90215708e+001	
5.63421174e+001	6.51342705e+001	
5.63798549e+001	6.12593398e+001	
5.64175924e+001	5.73992840e+001	
5.64553299e+001	5.35573194e+001	
5.64930675e+001	4.97376385e+001	
5.65308050e+001	0.00000000e+000	
5.65685425e+001	0.00000000e+000	
