% Column 0: Length, mm
% Column 1: Potential, Volts
0.00000000e+000	0.00000000e+000	
9.43438000e-002	7.58788736e-004	
1.88687600e-001	5.08113984e-003	
2.83031400e-001	9.40349094e-003	
3.77375200e-001	1.70841401e-002	
4.71719000e-001	2.77260374e-002	
5.66062800e-001	3.83679347e-002	
6.60406600e-001	4.90098320e-002	
7.54750400e-001	5.96517293e-002	
8.49094200e-001	7.62761995e-002	
9.43438000e-001	9.95943404e-002	
1.03778180e+000	1.22912481e-001	
1.13212560e+000	1.43542033e-001	
1.22646940e+000	1.63322703e-001	
1.32081320e+000	1.83103373e-001	
1.41515700e+000	2.09980598e-001	
1.50950080e+000	2.40840078e-001	
1.60384460e+000	2.78462281e-001	
1.69818840e+000	3.20395409e-001	
1.79253220e+000	3.62328537e-001	
1.88687600e+000	4.04261665e-001	
1.98121980e+000	4.46194793e-001	
2.07556360e+000	4.88127920e-001	
2.16990740e+000	5.30061048e-001	
2.26425120e+000	5.71994176e-001	
2.35859500e+000	6.13927304e-001	
2.45293880e+000	6.68526869e-001	
2.54728260e+000	7.32460915e-001	
2.64162640e+000	7.95913988e-001	
2.73597020e+000	8.58374884e-001	
2.83031400e+000	9.20835780e-001	
2.92465780e+000	9.83296675e-001	
3.01900160e+000	1.04575757e+000	
3.11334540e+000	1.10821847e+000	
3.20768920e+000	1.17067936e+000	
3.30203300e+000	1.23314026e+000	
3.39637680e+000	1.29560115e+000	
3.49072060e+000	1.35806205e+000	
3.58506440e+000	1.42052295e+000	
3.67940820e+000	1.48298384e+000	
3.77375200e+000	1.55247913e+000	
3.86809580e+000	1.64993699e+000	
3.96243960e+000	1.74739486e+000	
4.05678340e+000	1.84485273e+000	
4.15112720e+000	1.94231060e+000	
4.24547100e+000	2.03976846e+000	
4.33981480e+000	2.13722633e+000	
4.43415860e+000	2.23468420e+000	
4.52850240e+000	2.33214206e+000	
4.62284620e+000	2.42959993e+000	
4.71719000e+000	2.52705780e+000	
4.81153380e+000	2.62451567e+000	
4.90587760e+000	2.72197353e+000	
5.00022140e+000	2.81943140e+000	
5.09456520e+000	2.91688927e+000	
5.18890900e+000	3.01434714e+000	
5.28325280e+000	3.11180500e+000	
5.37759660e+000	3.20926287e+000	
5.47194040e+000	3.30440428e+000	
5.56628420e+000	3.39858132e+000	
5.66062800e+000	3.49275835e+000	
5.75497180e+000	3.58693539e+000	
5.84931560e+000	3.71525915e+000	
5.94365940e+000	3.85607672e+000	
6.03800320e+000	3.99689428e+000	
6.13234700e+000	4.13771185e+000	
6.22669080e+000	4.27852941e+000	
6.32103460e+000	4.41934698e+000	
6.41537840e+000	4.55049544e+000	
6.50972220e+000	4.68046263e+000	
6.60406600e+000	4.81042982e+000	
6.69840980e+000	4.94039701e+000	
6.79275360e+000	5.07036420e+000	
6.88709740e+000	5.20033139e+000	
6.98144120e+000	5.33029858e+000	
7.07578500e+000	5.46026577e+000	
7.17012880e+000	5.59023296e+000	
7.26447260e+000	5.72020015e+000	
7.35881640e+000	5.87782593e+000	
7.45316020e+000	6.04827256e+000	
7.54750400e+000	6.21871918e+000	
7.64184780e+000	6.38916580e+000	
7.73619160e+000	6.55961242e+000	
7.83053540e+000	6.73005904e+000	
7.92487920e+000	6.89892204e+000	
8.01922300e+000	7.06431313e+000	
8.11356680e+000	7.22970423e+000	
8.20791060e+000	7.39509532e+000	
8.30225440e+000	7.56048642e+000	
8.39659820e+000	7.72587751e+000	
8.49094200e+000	7.89126861e+000	
8.58528580e+000	8.05665970e+000	
8.67962960e+000	8.22205079e+000	
8.77397340e+000	8.40585704e+000	
8.86831720e+000	8.59549905e+000	
8.96266100e+000	8.78514106e+000	
9.05700480e+000	8.97478307e+000	
9.15134860e+000	9.16442508e+000	
9.24569240e+000	9.35406709e+000	
9.34003620e+000	9.54370910e+000	
9.43438000e+000	9.73335111e+000	
9.52872380e+000	9.92299312e+000	
9.62306760e+000	1.01126351e+001	
9.71741140e+000	1.03045323e+001	
9.81175520e+000	1.05070671e+001	
9.90609900e+000	1.07096018e+001	
1.00004428e+001	1.09121365e+001	
1.00947866e+001	1.11146713e+001	
1.01891304e+001	1.13232286e+001	
1.02834742e+001	1.15436420e+001	
1.03778180e+001	1.17640553e+001	
1.04721618e+001	1.19844686e+001	
1.05665056e+001	1.22048820e+001	
1.06608494e+001	1.24252953e+001	
1.07551932e+001	1.26457086e+001	
1.08495370e+001	1.28661220e+001	
1.09438808e+001	1.30865353e+001	
1.10382246e+001	1.33069486e+001	
1.11325684e+001	1.35273619e+001	
1.12269122e+001	1.37477753e+001	
1.13212560e+001	1.39681886e+001	
1.14155998e+001	1.41886019e+001	
1.15099436e+001	1.44318924e+001	
1.16042874e+001	1.46880911e+001	
1.16986312e+001	1.49442898e+001	
1.17929750e+001	1.52004884e+001	
1.18873188e+001	1.54566871e+001	
1.19816626e+001	1.57128858e+001	
1.20760064e+001	1.59690845e+001	
1.21703502e+001	1.62198000e+001	
1.22646940e+001	1.64686707e+001	
1.23590378e+001	1.67175413e+001	
1.24533816e+001	1.69664119e+001	
1.25477254e+001	1.72152825e+001	
1.26420692e+001	1.74641531e+001	
1.27364130e+001	1.77130238e+001	
1.28307568e+001	1.79618944e+001	
1.29251006e+001	1.82107650e+001	
1.30194444e+001	1.84596356e+001	
1.31137882e+001	1.87085062e+001	
1.32081320e+001	1.89573769e+001	
1.33024758e+001	1.92133881e+001	
1.33968196e+001	1.95083477e+001	
1.34911634e+001	1.98033074e+001	
1.35855072e+001	2.00982670e+001	
1.36798510e+001	2.03932266e+001	
1.37741948e+001	2.06881863e+001	
1.38685386e+001	2.09831459e+001	
1.39628824e+001	2.12781055e+001	
1.40572262e+001	2.15730652e+001	
1.41515700e+001	2.18680248e+001	
1.42459138e+001	2.21629845e+001	
1.43402576e+001	2.24579441e+001	
1.44346014e+001	2.27553003e+001	
1.45289452e+001	2.30604305e+001	
1.46232890e+001	2.33655608e+001	
1.47176328e+001	2.36715960e+001	
1.48119766e+001	2.39780751e+001	
1.49063204e+001	2.42845542e+001	
1.50006642e+001	2.45910333e+001	
1.50950080e+001	2.48975124e+001	
1.51893518e+001	2.52039915e+001	
1.52836956e+001	2.55104706e+001	
1.53780394e+001	2.58169498e+001	
1.54723832e+001	2.61234289e+001	
1.55667270e+001	2.64299080e+001	
1.56610708e+001	2.67363871e+001	
1.57554146e+001	2.70594679e+001	
1.58497584e+001	2.74042556e+001	
1.59441022e+001	2.77490434e+001	
1.60384460e+001	2.80938311e+001	
1.61327898e+001	2.84386188e+001	
1.62271336e+001	2.87834066e+001	
1.63214774e+001	2.91281943e+001	
1.64158212e+001	2.94729820e+001	
1.65101650e+001	2.98177697e+001	
1.66045088e+001	3.01625575e+001	
1.66988526e+001	3.05073452e+001	
1.67931964e+001	3.08521329e+001	
1.68875402e+001	3.11953524e+001	
1.69818840e+001	3.15382313e+001	
1.70762278e+001	3.18811101e+001	
1.71705716e+001	3.22239890e+001	
1.72649154e+001	3.25698703e+001	
1.73592592e+001	3.29433953e+001	
1.74536030e+001	3.33169203e+001	
1.75479468e+001	3.36904452e+001	
1.76422906e+001	3.40639702e+001	
1.77366344e+001	3.44374952e+001	
1.78309782e+001	3.48110201e+001	
1.79253220e+001	3.51845451e+001	
1.80196658e+001	3.55580701e+001	
1.81140096e+001	3.59315950e+001	
1.82083534e+001	3.63051200e+001	
1.83026972e+001	3.66786450e+001	
1.83970410e+001	3.70521699e+001	
1.84913848e+001	3.74256949e+001	
1.85857286e+001	3.77992199e+001	
1.86800724e+001	3.81727448e+001	
1.87744162e+001	3.85517939e+001	
1.88687600e+001	3.89428204e+001	
1.89631038e+001	3.93338469e+001	
1.90574476e+001	3.97248734e+001	
1.91517914e+001	4.01159000e+001	
1.92461352e+001	4.05069265e+001	
1.93404790e+001	4.08979530e+001	
1.94348228e+001	4.12889795e+001	
1.95291666e+001	4.16800060e+001	
1.96235104e+001	4.20710325e+001	
1.97178542e+001	4.24620591e+001	
1.98121980e+001	4.28579638e+001	
1.99065418e+001	4.32806656e+001	
2.00008856e+001	4.37033674e+001	
2.00952294e+001	4.41260692e+001	
2.01895732e+001	4.45487710e+001	
2.02839170e+001	4.49714728e+001	
2.03782608e+001	4.53969386e+001	
2.04726046e+001	4.58262765e+001	
2.05669484e+001	4.62556144e+001	
2.06612922e+001	4.66849523e+001	
2.07556360e+001	4.71142902e+001	
2.08499798e+001	4.75436281e+001	
2.09443236e+001	4.79729660e+001	
2.10386674e+001	4.84023039e+001	
2.11330112e+001	4.88316418e+001	
2.12273550e+001	4.92609797e+001	
2.13216988e+001	4.96903176e+001	
2.14160426e+001	5.01280917e+001	
2.15103864e+001	5.05782832e+001	
2.16047302e+001	5.10284747e+001	
2.16990740e+001	5.14786662e+001	
2.17934178e+001	5.19288577e+001	
2.18877616e+001	5.23790492e+001	
2.19821054e+001	5.28292407e+001	
2.20764492e+001	5.32794322e+001	
2.21707930e+001	5.37352815e+001	
2.22651368e+001	5.42214459e+001	
2.23594806e+001	5.47076104e+001	
2.24538244e+001	5.51937749e+001	
2.25481682e+001	5.56799393e+001	
2.26425120e+001	5.61661038e+001	
2.27368558e+001	5.66522683e+001	
2.28311996e+001	5.71384327e+001	
2.29255434e+001	5.76245972e+001	
2.30198872e+001	5.81107617e+001	
2.31142310e+001	5.85969261e+001	
2.32085748e+001	5.90829461e+001	
2.33029186e+001	5.95663668e+001	
2.33972624e+001	6.00497875e+001	
2.34916062e+001	6.05332082e+001	
2.35859500e+001	6.10166289e+001	
2.36802938e+001	6.15000496e+001	
2.37746376e+001	6.19834703e+001	
2.38689814e+001	6.24668910e+001	
2.39633252e+001	6.29503117e+001	
2.40576690e+001	6.34588381e+001	
2.41520128e+001	6.39701000e+001	
2.42463566e+001	6.44813620e+001	
2.43407004e+001	6.49926239e+001	
2.44350442e+001	6.55038858e+001	
2.45293880e+001	6.60151477e+001	
2.46237318e+001	6.65264097e+001	
2.47180756e+001	6.70376716e+001	
2.48124194e+001	6.75489335e+001	
2.49067632e+001	6.80642000e+001	
2.50011070e+001	6.85978406e+001	
2.50954508e+001	6.91314813e+001	
2.51897946e+001	6.96651220e+001	
2.52841384e+001	7.01987627e+001	
2.53784822e+001	7.07324034e+001	
2.54728260e+001	7.12660441e+001	
2.55671698e+001	7.17996848e+001	
2.56615136e+001	7.23347819e+001	
2.57558574e+001	7.28738920e+001	
2.58502012e+001	7.34130021e+001	
2.59445450e+001	7.39521122e+001	
2.60388888e+001	7.44912223e+001	
2.61332326e+001	7.50303324e+001	
2.62275764e+001	7.55694425e+001	
2.63219202e+001	7.61085527e+001	
2.64162640e+001	7.66476628e+001	
2.65106078e+001	7.71886988e+001	
2.66049516e+001	7.77734036e+001	
2.66992954e+001	7.83581084e+001	
2.67936392e+001	7.89428132e+001	
2.68879830e+001	7.95275180e+001	
2.69823268e+001	8.01122227e+001	
2.70766706e+001	8.06969275e+001	
2.71710144e+001	8.12816323e+001	
2.72653582e+001	8.18663371e+001	
2.73597020e+001	8.24510419e+001	
2.74540458e+001	8.30357467e+001	
2.75483896e+001	8.36204515e+001	
2.76427334e+001	8.42051563e+001	
2.77370772e+001	8.47898611e+001	
2.78314210e+001	8.53745659e+001	
2.79257648e+001	8.59584211e+001	
2.80201086e+001	8.65775411e+001	
2.81144524e+001	8.71912679e+001	
2.82087962e+001	8.78049948e+001	
2.83031400e+001	8.84187217e+001	
2.83974838e+001	8.90324486e+001	
2.84918276e+001	8.96461755e+001	
2.85861714e+001	9.02599023e+001	
2.86805152e+001	9.08736292e+001	
2.87748590e+001	9.14873561e+001	
2.88692028e+001	9.21010830e+001	
2.89635466e+001	9.27148099e+001	
2.90578904e+001	9.33285367e+001	
2.91522342e+001	9.39422636e+001	
2.92465780e+001	9.45559905e+001	
2.93409218e+001	9.51697174e+001	
2.94352656e+001	9.57834443e+001	
2.95296094e+001	9.63971711e+001	
2.96239532e+001	9.70108980e+001	
2.97182970e+001	9.76246249e+001	
2.98126408e+001	9.82383518e+001	
2.99069846e+001	9.88927631e+001	
3.00013284e+001	9.95521669e+001	
3.00956722e+001	1.00211571e+002	
3.01900160e+001	1.00870975e+002	
3.02843598e+001	1.01530379e+002	
3.03787036e+001	1.02189782e+002	
3.04730474e+001	1.02849186e+002	
3.05673912e+001	1.03508590e+002	
3.06617350e+001	1.04167994e+002	
3.07560788e+001	1.04827398e+002	
3.08504226e+001	1.05486802e+002	
3.09447664e+001	1.06146206e+002	
3.10391102e+001	1.06805609e+002	
3.11334540e+001	1.07465013e+002	
3.12277978e+001	1.08136866e+002	
3.13221416e+001	1.08818649e+002	
3.14164854e+001	1.09500432e+002	
3.15108292e+001	1.10182216e+002	
3.16051730e+001	1.10863999e+002	
3.16995168e+001	1.11545782e+002	
3.17938606e+001	1.12227565e+002	
3.18882044e+001	1.12909348e+002	
3.19825482e+001	1.13591131e+002	
3.20768920e+001	1.14272914e+002	
3.21712358e+001	1.14954698e+002	
3.22655796e+001	1.15636481e+002	
3.23599234e+001	1.16318264e+002	
3.24542672e+001	1.17031223e+002	
3.25486110e+001	1.17762660e+002	
3.26429548e+001	1.18494098e+002	
3.27372986e+001	1.19225535e+002	
3.28316424e+001	1.19956972e+002	
3.29259862e+001	1.20688409e+002	
3.30203300e+001	1.21419847e+002	
3.31146738e+001	1.22151284e+002	
3.32090176e+001	1.22882721e+002	
3.33033614e+001	1.23614158e+002	
3.33977052e+001	1.24345596e+002	
3.34920490e+001	1.25073646e+002	
3.35863928e+001	1.25793314e+002	
3.36807366e+001	1.26512982e+002	
3.37750804e+001	1.27232650e+002	
3.38694242e+001	1.27963493e+002	
3.39637680e+001	1.28741278e+002	
3.40581118e+001	1.29519064e+002	
3.41524556e+001	1.30296849e+002	
3.42467994e+001	1.31074635e+002	
3.43411432e+001	1.31848276e+002	
3.44354870e+001	1.32616216e+002	
3.45298308e+001	1.33384156e+002	
3.46241746e+001	1.34152096e+002	
3.47185184e+001	1.34920037e+002	
3.48128622e+001	1.35687977e+002	
3.49072060e+001	1.36455917e+002	
3.50015498e+001	1.37223858e+002	
3.50958936e+001	1.37991798e+002	
3.51902374e+001	1.38759738e+002	
3.52845812e+001	1.39527678e+002	
3.53789250e+001	1.40295619e+002	
3.54732688e+001	1.41063559e+002	
3.55676126e+001	1.41831499e+002	
3.56619564e+001	1.42599440e+002	
3.57563002e+001	1.43378439e+002	
3.58506440e+001	1.44196906e+002	
3.59449878e+001	1.45015373e+002	
3.60393316e+001	1.45833840e+002	
3.61336754e+001	1.46652307e+002	
3.62280192e+001	1.47470774e+002	
3.63223630e+001	1.48289241e+002	
3.64167068e+001	1.49107137e+002	
3.65110506e+001	1.49914837e+002	
3.66053944e+001	1.50722536e+002	
3.66997382e+001	1.51530236e+002	
3.67940820e+001	1.52337935e+002	
3.68884258e+001	1.53181279e+002	
3.69827696e+001	1.54031695e+002	
3.70771134e+001	1.54882112e+002	
3.71714572e+001	1.55732528e+002	
3.72658010e+001	1.56582944e+002	
3.73601448e+001	1.57433361e+002	
3.74544886e+001	1.58283777e+002	
3.75488324e+001	1.59134194e+002	
3.76431762e+001	1.59984610e+002	
3.77375200e+001	1.60835027e+002	
3.78318638e+001	1.61691097e+002	
3.79262076e+001	1.62551635e+002	
3.80205514e+001	1.63412173e+002	
3.81148952e+001	1.64272711e+002	
3.82092390e+001	1.65181779e+002	
3.83035828e+001	1.66094981e+002	
3.83979266e+001	1.67008182e+002	
3.84922704e+001	1.67921384e+002	
3.85866142e+001	1.68834586e+002	
3.86809580e+001	1.69747788e+002	
3.87753018e+001	1.70647875e+002	
3.88696456e+001	1.71536556e+002	
3.89639894e+001	1.72425236e+002	
3.90583332e+001	1.73313917e+002	
3.91526770e+001	1.74202597e+002	
3.92470208e+001	1.75091278e+002	
3.93413646e+001	1.75979958e+002	
3.94357084e+001	1.76868638e+002	
3.95300522e+001	1.77757319e+002	
3.96243960e+001	1.78648905e+002	
3.97187398e+001	1.79583377e+002	
3.98130836e+001	1.80517849e+002	
3.99074274e+001	1.81452321e+002	
4.00017712e+001	1.82399833e+002	
4.00961150e+001	1.83368634e+002	
4.01904588e+001	1.84337435e+002	
4.02848026e+001	1.85306236e+002	
4.03791464e+001	1.86275037e+002	
4.04734902e+001	1.87243838e+002	
4.05678340e+001	1.88212639e+002	
4.06621778e+001	1.89181440e+002	
4.07565216e+001	1.90150241e+002	
4.08508654e+001	1.91119042e+002	
4.09452092e+001	1.92087843e+002	
4.10395530e+001	1.93056644e+002	
4.11338968e+001	1.94025445e+002	
4.12282406e+001	1.94994247e+002	
4.13225844e+001	1.95963048e+002	
4.14169282e+001	1.96931849e+002	
4.15112720e+001	1.97907152e+002	
4.16056158e+001	1.98898997e+002	
4.16999596e+001	1.99890843e+002	
4.17943034e+001	2.00915922e+002	
4.18886472e+001	2.01968899e+002	
4.19829910e+001	2.03021875e+002	
4.20773348e+001	2.04074852e+002	
4.21716786e+001	2.05116169e+002	
4.22660224e+001	2.06146049e+002	
4.23603662e+001	2.07175930e+002	
4.24547100e+001	2.08205810e+002	
4.25490538e+001	2.09235691e+002	
4.26433976e+001	2.10265571e+002	
4.27377414e+001	2.11295451e+002	
4.28320852e+001	2.12325332e+002	
4.29264290e+001	2.13355212e+002	
4.30207728e+001	2.14385093e+002	
4.31151166e+001	2.15414973e+002	
4.32094604e+001	2.16444854e+002	
4.33038042e+001	2.17474734e+002	
4.33981480e+001	2.18539882e+002	
4.34924918e+001	2.19664322e+002	
4.35868356e+001	2.20788762e+002	
4.36811794e+001	2.21913202e+002	
4.37755232e+001	2.23037641e+002	
4.38698670e+001	2.24162081e+002	
4.39642108e+001	2.25286521e+002	
4.40585546e+001	2.26410961e+002	
4.41528984e+001	2.27535400e+002	
4.42472422e+001	2.28659840e+002	
4.43415860e+001	2.29784280e+002	
4.44359298e+001	2.30920201e+002	
4.45302736e+001	2.32061984e+002	
4.46246174e+001	2.33203768e+002	
4.47189612e+001	2.34345551e+002	
4.48133050e+001	2.35487334e+002	
4.49076488e+001	2.36629118e+002	
4.50019926e+001	2.37770901e+002	
4.50963364e+001	2.38912684e+002	
4.51906802e+001	2.40054467e+002	
4.52850240e+001	2.41196251e+002	
4.53793678e+001	2.42338034e+002	
4.54737116e+001	2.43479817e+002	
4.55680554e+001	2.44624939e+002	
4.56623992e+001	2.45814433e+002	
4.57567430e+001	2.47003926e+002	
4.58510868e+001	2.48193420e+002	
4.59454306e+001	2.49382913e+002	
4.60397744e+001	2.50572407e+002	
4.61341182e+001	2.51786914e+002	
4.62284620e+001	2.53033275e+002	
4.63228058e+001	2.54279636e+002	
4.64171496e+001	2.55525997e+002	
4.65114934e+001	2.56772358e+002	
4.66058372e+001	2.58018719e+002	
4.67001810e+001	2.59265080e+002	
4.67945248e+001	2.60511442e+002	
4.68888686e+001	2.61757803e+002	
4.69832124e+001	2.63004198e+002	
4.70775562e+001	2.64251765e+002	
4.71719000e+001	2.65499331e+002	
4.72662438e+001	2.66746897e+002	
4.73605876e+001	2.67994464e+002	
4.74549314e+001	2.69255097e+002	
4.75492752e+001	2.70621958e+002	
4.76436190e+001	2.71988819e+002	
4.77379628e+001	2.73355680e+002	
4.78323066e+001	2.74722540e+002	
4.79266504e+001	2.76089401e+002	
4.80209942e+001	2.77456262e+002	
4.81153380e+001	2.78823123e+002	
4.82096818e+001	2.80189984e+002	
4.83040256e+001	2.81556844e+002	
4.83983694e+001	2.82923705e+002	
4.84927132e+001	2.84290566e+002	
4.85870570e+001	2.85626514e+002	
4.86814008e+001	2.86940409e+002	
4.87757446e+001	2.88333572e+002	
4.88700884e+001	2.89747472e+002	
4.89644322e+001	2.91148269e+002	
4.90587760e+001	2.92549066e+002	
4.91531198e+001	2.93949863e+002	
4.92474636e+001	2.95350660e+002	
4.93418074e+001	2.96751457e+002	
4.94361512e+001	2.98152254e+002	
4.95304950e+001	2.99553051e+002	
4.96248388e+001	3.00953848e+002	
4.97191826e+001	3.02354644e+002	
4.98135264e+001	3.03755441e+002	
4.99078702e+001	3.05156238e+002	
5.00022140e+001	3.06557035e+002	
5.00965578e+001	3.08010482e+002	
5.01909016e+001	3.09508354e+002	
5.02852454e+001	3.11006227e+002	
5.03795892e+001	3.12504099e+002	
5.04739330e+001	3.14012791e+002	
5.05682768e+001	3.15641110e+002	
5.06626206e+001	3.17269428e+002	
5.07569644e+001	3.18897747e+002	
5.08513082e+001	3.20526065e+002	
5.09456520e+001	3.22154384e+002	
5.10399958e+001	3.23782702e+002	
5.11343396e+001	3.25411020e+002	
5.12286834e+001	3.27039339e+002	
5.13230272e+001	3.28667657e+002	
5.14173710e+001	3.30295976e+002	
5.15117148e+001	3.31924294e+002	
5.16060586e+001	3.33552613e+002	
5.17004024e+001	3.35128749e+002	
5.17947462e+001	3.36699548e+002	
5.18890900e+001	3.38270346e+002	
5.19834338e+001	3.39841145e+002	
5.20777776e+001	3.41411943e+002	
5.21721214e+001	3.42982742e+002	
5.22664652e+001	3.44553540e+002	
5.23608090e+001	3.46206147e+002	
5.24551528e+001	3.48050831e+002	
5.25494966e+001	3.49895515e+002	
5.26438404e+001	3.51740199e+002	
5.27381842e+001	3.53584883e+002	
5.28325280e+001	3.55429567e+002	
5.29268718e+001	3.57274252e+002	
5.30212156e+001	3.59118936e+002	
5.31155594e+001	3.60963620e+002	
5.32099032e+001	3.62808304e+002	
5.33042470e+001	3.64652988e+002	
5.33985908e+001	3.66497672e+002	
5.34929346e+001	3.68294607e+002	
5.35872784e+001	3.70084823e+002	
5.36816222e+001	3.71875039e+002	
5.37759660e+001	3.73665256e+002	
5.38703098e+001	3.75476056e+002	
5.39646536e+001	3.77431078e+002	
5.40589974e+001	3.79483494e+002	
5.41533412e+001	3.81535910e+002	
5.42476850e+001	3.83588326e+002	
5.43420288e+001	3.85640742e+002	
5.44363726e+001	3.87693158e+002	
5.45307164e+001	3.89745574e+002	
5.46250602e+001	3.91797990e+002	
5.47194040e+001	3.93850406e+002	
5.48137478e+001	3.95902822e+002	
5.49080916e+001	3.97955239e+002	
5.50024354e+001	4.00007655e+002	
5.50967792e+001	4.02060071e+002	
5.51911230e+001	4.04112487e+002	
5.52854668e+001	4.06164903e+002	
5.53798106e+001	4.08217319e+002	
5.54741544e+001	4.10269735e+002	
5.55684982e+001	4.12322151e+002	
5.56628420e+001	4.14426457e+002	
5.57571858e+001	4.16566086e+002	
5.58515296e+001	4.18755304e+002	
5.59458734e+001	4.21218343e+002	
5.60402172e+001	4.23681382e+002	
5.61345610e+001	4.26144421e+002	
5.62289048e+001	4.28472540e+002	
5.63232486e+001	4.30797042e+002	
5.64175924e+001	4.33121544e+002	
5.65119362e+001	4.35446045e+002	
5.66062800e+001	4.37770547e+002	
5.67006238e+001	4.40095049e+002	
5.67949676e+001	4.42742873e+002	
5.68893114e+001	4.45490116e+002	
5.69836552e+001	4.48237359e+002	
5.70779990e+001	4.50984602e+002	
5.71723428e+001	4.53731845e+002	
5.72666866e+001	4.56479088e+002	
5.73610304e+001	4.59226332e+002	
5.74553742e+001	4.61973575e+002	
5.75497180e+001	4.64720818e+002	
5.76440618e+001	4.67500206e+002	
5.77384056e+001	4.70522313e+002	
5.78327494e+001	4.73544420e+002	
5.79270932e+001	4.76566527e+002	
5.80214370e+001	4.79588633e+002	
5.81157808e+001	4.82610740e+002	
5.82101246e+001	4.85632847e+002	
5.83044684e+001	4.88654954e+002	
5.83988122e+001	4.91677061e+002	
5.84931560e+001	4.94699168e+002	
5.85874998e+001	4.97721275e+002	
5.86818436e+001	5.00000000e+002	
5.87761874e+001	5.00000000e+002	
5.88705312e+001	5.00000000e+002	
5.89648750e+001	5.00000000e+002	
5.90592188e+001	5.00000000e+002	
5.91535626e+001	5.00000000e+002	
5.92479064e+001	5.00000000e+002	
5.93422502e+001	5.00000000e+002	
5.94365940e+001	5.00000000e+002	
5.95309378e+001	5.00000000e+002	
5.96252816e+001	5.00000000e+002	
5.97196254e+001	5.00000000e+002	
5.98139692e+001	5.00000000e+002	
5.99083130e+001	5.00000000e+002	
6.00026568e+001	5.00000000e+002	
6.00970006e+001	5.00000000e+002	
6.01913444e+001	5.00000000e+002	
6.02856882e+001	5.00000000e+002	
6.03800320e+001	5.00000000e+002	
6.04743758e+001	5.00000000e+002	
6.05687196e+001	5.00000000e+002	
6.06630634e+001	5.00000000e+002	
6.07574072e+001	5.00000000e+002	
6.08517510e+001	5.00000001e+002	
6.09460948e+001	5.00000001e+002	
6.10404386e+001	5.00000001e+002	
6.11347824e+001	5.00000001e+002	
6.12291262e+001	5.00000001e+002	
6.13234700e+001	5.00000001e+002	
6.14178138e+001	5.00000001e+002	
6.15121576e+001	5.00000001e+002	
6.16065014e+001	5.00000001e+002	
6.17008452e+001	5.00000001e+002	
6.17951890e+001	5.00000001e+002	
6.18895328e+001	5.00000001e+002	
6.19838766e+001	5.00000001e+002	
6.20782204e+001	5.00000001e+002	
6.21725642e+001	5.00000001e+002	
6.22669080e+001	5.00000001e+002	
6.23612518e+001	5.00000001e+002	
6.24555956e+001	5.00000001e+002	
6.25499394e+001	5.00000001e+002	
6.26442832e+001	5.00000001e+002	
6.27386270e+001	5.00000001e+002	
6.28329708e+001	5.00000001e+002	
6.29273146e+001	5.00000001e+002	
6.30216584e+001	5.00000001e+002	
6.31160022e+001	5.00000001e+002	
6.32103460e+001	5.00000001e+002	
6.33046898e+001	5.00000001e+002	
6.33990336e+001	5.00000001e+002	
6.34933774e+001	5.00000001e+002	
6.35877212e+001	5.00000001e+002	
6.36820650e+001	5.00000002e+002	
6.37764088e+001	5.00000002e+002	
6.38707526e+001	5.00000002e+002	
6.39650964e+001	5.00000002e+002	
6.40594402e+001	5.00000002e+002	
6.41537840e+001	5.00000002e+002	
6.42481278e+001	5.00000002e+002	
6.43424716e+001	5.00000002e+002	
6.44368154e+001	5.00000002e+002	
6.45311592e+001	5.00000002e+002	
6.46255030e+001	5.00000002e+002	
6.47198468e+001	5.00000003e+002	
6.48141906e+001	5.00000003e+002	
6.49085344e+001	5.00000003e+002	
6.50028782e+001	5.00000003e+002	
6.50972220e+001	5.00000004e+002	
6.51915658e+001	5.00000004e+002	
6.52859096e+001	5.00000004e+002	
6.53802534e+001	5.00000004e+002	
6.54745972e+001	5.00000004e+002	
6.55689410e+001	5.00000004e+002	
6.56632848e+001	5.00000004e+002	
6.57576286e+001	5.00000004e+002	
6.58519724e+001	5.00000004e+002	
6.59463162e+001	5.00000004e+002	
6.60406600e+001	5.00000004e+002	
6.61350038e+001	5.00000004e+002	
6.62293476e+001	5.00000004e+002	
6.63236914e+001	5.00000005e+002	
6.64180352e+001	5.00000005e+002	
6.65123790e+001	5.00000005e+002	
6.66067228e+001	5.00000005e+002	
6.67010666e+001	5.00000005e+002	
6.67954104e+001	5.00000005e+002	
6.68897542e+001	5.00000005e+002	
6.69840980e+001	5.00000005e+002	
6.70784418e+001	5.00000005e+002	
6.71727856e+001	5.00000005e+002	
6.72671294e+001	5.00000005e+002	
6.73614732e+001	5.00000005e+002	
6.74558170e+001	5.00000005e+002	
6.75501608e+001	5.00000005e+002	
6.76445046e+001	5.00000005e+002	
6.77388484e+001	5.00000005e+002	
6.78331922e+001	5.00000005e+002	
6.79275360e+001	5.00000005e+002	
6.80218798e+001	5.00000006e+002	
6.81162236e+001	5.00000006e+002	
6.82105674e+001	5.00000006e+002	
6.83049112e+001	5.00000006e+002	
6.83992550e+001	5.00000006e+002	
6.84935988e+001	5.00000006e+002	
6.85879426e+001	5.00000006e+002	
6.86822864e+001	5.00000006e+002	
6.87766302e+001	5.00000006e+002	
6.88709740e+001	5.00000006e+002	
6.89653178e+001	5.00000006e+002	
6.90596616e+001	5.00000006e+002	
6.91540054e+001	5.00000006e+002	
6.92483492e+001	5.00000006e+002	
6.93426930e+001	5.00000006e+002	
6.94370368e+001	5.00000006e+002	
6.95313806e+001	5.00000006e+002	
6.96257244e+001	5.00000006e+002	
6.97200682e+001	5.00000006e+002	
6.98144120e+001	5.00000006e+002	
6.99087558e+001	5.00000006e+002	
7.00030996e+001	5.00000005e+002	
7.00974434e+001	5.00000005e+002	
7.01917872e+001	5.00000005e+002	
7.02861310e+001	5.00000005e+002	
7.03804748e+001	5.00000004e+002	
7.04748186e+001	5.00000004e+002	
7.05691624e+001	5.00000004e+002	
7.06635062e+001	5.00000004e+002	
7.07578500e+001	5.00000003e+002	
7.08521938e+001	5.00000003e+002	
7.09465376e+001	5.00000003e+002	
7.10408814e+001	5.00000003e+002	
7.11352252e+001	5.00000003e+002	
7.12295690e+001	5.00000003e+002	
7.13239128e+001	5.00000003e+002	
7.14182566e+001	5.00000003e+002	
7.15126004e+001	5.00000002e+002	
7.16069442e+001	5.00000002e+002	
7.17012880e+001	5.00000002e+002	
7.17956318e+001	5.00000002e+002	
7.18899756e+001	5.00000002e+002	
7.19843194e+001	5.00000002e+002	
7.20786632e+001	5.00000002e+002	
7.21730070e+001	5.00000002e+002	
7.22673508e+001	5.00000002e+002	
7.23616946e+001	5.00000002e+002	
7.24560384e+001	5.00000002e+002	
7.25503822e+001	5.00000002e+002	
7.26447260e+001	5.00000002e+002	
7.27390698e+001	5.00000003e+002	
7.28334136e+001	5.00000003e+002	
7.29277574e+001	5.00000003e+002	
7.30221012e+001	5.00000003e+002	
7.31164450e+001	5.00000003e+002	
7.32107888e+001	5.00000003e+002	
7.33051326e+001	5.00000004e+002	
7.33994764e+001	5.00000004e+002	
7.34938202e+001	5.00000004e+002	
7.35881640e+001	5.00000004e+002	
7.36825078e+001	5.00000004e+002	
7.37768516e+001	5.00000004e+002	
7.38711954e+001	5.00000005e+002	
7.39655392e+001	5.00000005e+002	
7.40598830e+001	5.00000005e+002	
7.41542268e+001	5.00000005e+002	
7.42485706e+001	5.00000006e+002	
7.43429144e+001	5.00000006e+002	
7.44372582e+001	5.00000006e+002	
7.45316020e+001	5.00000006e+002	
7.46259458e+001	5.00000006e+002	
7.47202896e+001	5.00000006e+002	
7.48146334e+001	5.00000006e+002	
7.49089772e+001	5.00000006e+002	
7.50033210e+001	5.00000006e+002	
7.50976648e+001	5.00000006e+002	
7.51920086e+001	5.00000005e+002	
7.52863524e+001	5.00000005e+002	
7.53806962e+001	5.00000005e+002	
7.54750400e+001	5.00000005e+002	
7.55693838e+001	5.00000004e+002	
7.56637276e+001	5.00000004e+002	
7.57580714e+001	5.00000004e+002	
7.58524152e+001	5.00000004e+002	
7.59467590e+001	5.00000004e+002	
7.60411028e+001	5.00000003e+002	
7.61354466e+001	5.00000003e+002	
7.62297904e+001	5.00000003e+002	
7.63241342e+001	5.00000003e+002	
7.64184780e+001	5.00000003e+002	
7.65128218e+001	5.00000003e+002	
7.66071656e+001	5.00000002e+002	
7.67015094e+001	5.00000002e+002	
7.67958532e+001	5.00000002e+002	
7.68901970e+001	5.00000002e+002	
7.69845408e+001	5.00000002e+002	
7.70788846e+001	5.00000002e+002	
7.71732284e+001	5.00000002e+002	
7.72675722e+001	5.00000002e+002	
7.73619160e+001	5.00000002e+002	
7.74562598e+001	5.00000002e+002	
7.75506036e+001	5.00000002e+002	
7.76449474e+001	5.00000002e+002	
7.77392912e+001	5.00000002e+002	
7.78336350e+001	5.00000002e+002	
7.79279788e+001	5.00000002e+002	
7.80223226e+001	5.00000002e+002	
7.81166664e+001	5.00000002e+002	
7.82110102e+001	5.00000002e+002	
7.83053540e+001	5.00000002e+002	
7.83996978e+001	5.00000002e+002	
7.84940416e+001	5.00000002e+002	
7.85883854e+001	5.00000002e+002	
7.86827292e+001	5.00000002e+002	
7.87770730e+001	5.00000002e+002	
7.88714168e+001	5.00000002e+002	
7.89657606e+001	5.00000001e+002	
7.90601044e+001	5.00000001e+002	
7.91544482e+001	5.00000001e+002	
7.92487920e+001	5.00000001e+002	
7.93431358e+001	5.00000001e+002	
7.94374796e+001	5.00000001e+002	
7.95318234e+001	5.00000000e+002	
7.96261672e+001	5.00000000e+002	
7.97205110e+001	5.00000000e+002	
7.98148548e+001	5.00000000e+002	
7.99091986e+001	5.00000000e+002	
8.00035424e+001	5.00000000e+002	
8.00978862e+001	5.00000000e+002	
8.01922300e+001	5.00000001e+002	
8.02865738e+001	5.00000000e+002	
8.03809176e+001	5.00000000e+002	
8.04752614e+001	5.00000000e+002	
8.05696052e+001	5.00000000e+002	
8.06639490e+001	5.00000000e+002	
8.07582928e+001	5.00000000e+002	
8.08526366e+001	4.99999999e+002	
8.09469804e+001	4.99999999e+002	
8.10413242e+001	4.99999999e+002	
8.11356680e+001	4.99999998e+002	
8.12300118e+001	4.99999998e+002	
8.13243556e+001	4.99999997e+002	
8.14186994e+001	4.99999996e+002	
8.15130432e+001	4.99999995e+002	
8.16073870e+001	4.99999995e+002	
8.17017308e+001	4.99999994e+002	
8.17960746e+001	4.99999995e+002	
8.18904184e+001	4.99999995e+002	
8.19847622e+001	4.99999996e+002	
8.20791060e+001	4.99999996e+002	
8.21734498e+001	4.99999997e+002	
8.22677936e+001	4.99999997e+002	
8.23621374e+001	4.99999998e+002	
8.24564812e+001	4.99999998e+002	
8.25508250e+001	4.99999999e+002	
8.26451688e+001	4.99999999e+002	
8.27395126e+001	5.00000000e+002	
8.28338564e+001	4.97721582e+002	
8.29282002e+001	4.94699884e+002	
8.30225440e+001	4.91678185e+002	
8.31168878e+001	4.88656486e+002	
8.32112316e+001	4.85634787e+002	
8.33055754e+001	4.82613089e+002	
8.33999192e+001	4.79591390e+002	
8.34942630e+001	4.76569691e+002	
8.35886068e+001	4.73547992e+002	
8.36829506e+001	4.70526294e+002	
8.37772944e+001	4.67504595e+002	
8.38716382e+001	4.64725595e+002	
8.39659820e+001	4.61978739e+002	
8.40603258e+001	4.59231883e+002	
8.41546696e+001	4.56485027e+002	
8.42490134e+001	4.53738171e+002	
8.43433572e+001	4.50991314e+002	
8.44377010e+001	4.48244458e+002	
8.45320448e+001	4.45497602e+002	
8.46263886e+001	4.42750746e+002	
8.47207324e+001	4.40103290e+002	
8.48150762e+001	4.37779091e+002	
8.49094200e+001	4.35454892e+002	
8.50037638e+001	4.33130692e+002	
8.50981076e+001	4.30806493e+002	
8.51924514e+001	4.28482294e+002	
8.52867952e+001	4.26154485e+002	
8.53811390e+001	4.23691831e+002	
8.54754828e+001	4.21229178e+002	
8.55698266e+001	4.18766524e+002	
8.56641704e+001	4.16577821e+002	
8.57585142e+001	4.14438731e+002	
8.58528580e+001	4.12334827e+002	
8.59472018e+001	4.10282606e+002	
8.60415456e+001	4.08230385e+002	
8.61358894e+001	4.06178165e+002	
8.62302332e+001	4.04125944e+002	
8.63245770e+001	4.02073724e+002	
8.64189208e+001	4.00021503e+002	
8.65132646e+001	3.97969282e+002	
8.66076084e+001	3.95917062e+002	
8.67019522e+001	3.93864841e+002	
8.67962960e+001	3.91812621e+002	
8.68906398e+001	3.89760400e+002	
8.69849836e+001	3.87708179e+002	
8.70793274e+001	3.85655959e+002	
8.71736712e+001	3.83603738e+002	
8.72680150e+001	3.81551518e+002	
8.73623588e+001	3.79499297e+002	
8.74567026e+001	3.77447077e+002	
8.75510464e+001	3.75491788e+002	
8.76453902e+001	3.73680613e+002	
8.77397340e+001	3.71890813e+002	
8.78340778e+001	3.70101012e+002	
8.79284216e+001	3.68311211e+002	
8.80227654e+001	3.66514659e+002	
8.81171092e+001	3.64670158e+002	
8.82114530e+001	3.62825657e+002	
8.83057968e+001	3.60981156e+002	
8.84001406e+001	3.59136655e+002	
8.84944844e+001	3.57292154e+002	
8.85888282e+001	3.55447653e+002	
8.86831720e+001	3.53603152e+002	
8.87775158e+001	3.51758651e+002	
8.88718596e+001	3.49914151e+002	
8.89662034e+001	3.48069650e+002	
8.90605472e+001	3.46225149e+002	
8.91548910e+001	3.44572379e+002	
8.92492348e+001	3.43001269e+002	
8.93435786e+001	3.41430160e+002	
8.94379224e+001	3.39859050e+002	
8.95322662e+001	3.38287941e+002	
8.96266100e+001	3.36716831e+002	
8.97209538e+001	3.35145722e+002	
8.98152976e+001	3.33572310e+002	
8.99096414e+001	3.31976380e+002	
9.00039852e+001	3.30380450e+002	
9.00983290e+001	3.28784520e+002	
9.01926728e+001	3.27188590e+002	
9.02870166e+001	3.25592660e+002	
9.03813604e+001	3.23996730e+002	
9.04757042e+001	3.22400800e+002	
9.05700480e+001	3.20804870e+002	
9.06643918e+001	3.19208940e+002	
9.07587356e+001	3.17613010e+002	
9.08530794e+001	3.16017080e+002	
9.09474232e+001	3.14421150e+002	
9.10417670e+001	3.12825220e+002	
9.11361108e+001	3.11229290e+002	
9.12304546e+001	3.09633360e+002	
9.13247984e+001	3.08037430e+002	
9.14191422e+001	3.06593205e+002	
9.15134860e+001	3.05161684e+002	
9.16078298e+001	3.03730163e+002	
9.17021736e+001	3.02298643e+002	
9.17965174e+001	3.00867122e+002	
9.18908612e+001	2.99435601e+002	
9.19852050e+001	2.98004081e+002	
9.20795488e+001	2.96572560e+002	
9.21738926e+001	2.95141928e+002	
9.22682364e+001	2.93727342e+002	
9.23625802e+001	2.92312755e+002	
9.24569240e+001	2.90898169e+002	
9.25512678e+001	2.89483582e+002	
9.26456116e+001	2.88068995e+002	
9.27399554e+001	2.86668050e+002	
9.28342992e+001	2.85294856e+002	
9.29286430e+001	2.83921661e+002	
9.30229868e+001	2.82548466e+002	
9.31173306e+001	2.81175271e+002	
9.32116744e+001	2.79802076e+002	
9.33060182e+001	2.78457639e+002	
9.34003620e+001	2.77181841e+002	
9.34947058e+001	2.75906043e+002	
9.35890496e+001	2.74630245e+002	
9.36833934e+001	2.73354447e+002	
9.37777372e+001	2.72078649e+002	
9.38720810e+001	2.70802852e+002	
9.39664248e+001	2.69527054e+002	
9.40607686e+001	2.68251256e+002	
9.41551124e+001	2.66975458e+002	
9.42494562e+001	2.65699660e+002	
9.43438000e+001	2.64423862e+002	
9.44381438e+001	2.63148065e+002	
9.45324876e+001	2.61872267e+002	
9.46268314e+001	2.60596469e+002	
9.47211752e+001	2.59320671e+002	
9.48155190e+001	2.58047754e+002	
9.49098628e+001	2.56780101e+002	
9.50042066e+001	2.55592860e+002	
9.50985504e+001	2.54403509e+002	
9.51928942e+001	2.53193439e+002	
9.52872380e+001	2.51983370e+002	
9.53815818e+001	2.50773301e+002	
9.54759256e+001	2.49563232e+002	
9.55702694e+001	2.48353163e+002	
9.56646132e+001	2.47143094e+002	
9.57589570e+001	2.45933025e+002	
9.58533008e+001	2.44722956e+002	
9.59476446e+001	2.43512887e+002	
9.60419884e+001	2.42302818e+002	
9.61363322e+001	2.41092748e+002	
9.62306760e+001	2.39882679e+002	
9.63250198e+001	2.38688946e+002	
9.64193636e+001	2.37574691e+002	
9.65137074e+001	2.36460435e+002	
9.66080512e+001	2.35346180e+002	
9.67023950e+001	2.34231925e+002	
9.67967388e+001	2.33117669e+002	
9.68910826e+001	2.32003414e+002	
9.69854264e+001	2.30889158e+002	
9.70797702e+001	2.29774903e+002	
9.71741140e+001	2.28660648e+002	
9.72684578e+001	2.27546392e+002	
9.73628016e+001	2.26432137e+002	
9.74571454e+001	2.25317881e+002	
9.75514892e+001	2.24203626e+002	
9.76458330e+001	2.23084287e+002	
9.77401768e+001	2.21996353e+002	
9.78345206e+001	2.20936248e+002	
9.79288644e+001	2.19873504e+002	
9.80232082e+001	2.18810760e+002	
9.81175520e+001	2.17748016e+002	
9.82118958e+001	2.16685272e+002	
9.83062396e+001	2.15622528e+002	
9.84005834e+001	2.14559784e+002	
9.84949272e+001	2.13497039e+002	
9.85892710e+001	2.12434295e+002	
9.86836148e+001	2.11371551e+002	
9.87779586e+001	2.10308807e+002	
9.88723024e+001	2.09246063e+002	
9.89666462e+001	2.08183319e+002	
9.90609900e+001	2.07120575e+002	
9.91553338e+001	2.06057831e+002	
9.92496776e+001	2.04995086e+002	
9.93440214e+001	2.03985310e+002	
9.94383652e+001	2.02984564e+002	
9.95327090e+001	2.01983818e+002	
9.96270528e+001	2.00983073e+002	
9.97213966e+001	1.99982327e+002	
9.98157404e+001	1.98981582e+002	
9.99100842e+001	1.97980836e+002	
1.00004428e+002	1.96980091e+002	
1.00098772e+002	1.95979345e+002	
1.00193116e+002	1.94990302e+002	
1.00287459e+002	1.94001510e+002	
1.00381803e+002	1.93012718e+002	
1.00476147e+002	1.92023926e+002	
1.00570491e+002	1.91035134e+002	
1.00664835e+002	1.90046341e+002	
1.00759178e+002	1.89086828e+002	
1.00853522e+002	1.88129131e+002	
1.00947866e+002	1.87171434e+002	
1.01042210e+002	1.86213737e+002	
1.01136554e+002	1.85256040e+002	
1.01230897e+002	1.84298343e+002	
1.01325241e+002	1.83340646e+002	
1.01419585e+002	1.82382949e+002	
1.01513929e+002	1.81425252e+002	
1.01608273e+002	1.80476371e+002	
1.01702616e+002	1.79578440e+002	
1.01796960e+002	1.78680508e+002	
1.01891304e+002	1.77782576e+002	
1.01985648e+002	1.76884644e+002	
1.02079992e+002	1.75986713e+002	
1.02174335e+002	1.75088781e+002	
1.02268679e+002	1.74190849e+002	
1.02363023e+002	1.73292917e+002	
1.02457367e+002	1.72394986e+002	
1.02551711e+002	1.71497054e+002	
1.02646054e+002	1.70599122e+002	
1.02740398e+002	1.69701190e+002	
1.02834742e+002	1.68803258e+002	
1.02929086e+002	1.67905731e+002	
1.03023430e+002	1.67054823e+002	
1.03117773e+002	1.66199601e+002	
1.03212117e+002	1.65337286e+002	
1.03306461e+002	1.64474970e+002	
1.03400805e+002	1.63612655e+002	
1.03495149e+002	1.62750339e+002	
1.03589492e+002	1.61888024e+002	
1.03683836e+002	1.61025708e+002	
1.03778180e+002	1.60163393e+002	
1.03872524e+002	1.59301077e+002	
1.03966868e+002	1.58438762e+002	
1.04061211e+002	1.57576446e+002	
1.04155555e+002	1.56714131e+002	
1.04249899e+002	1.55851815e+002	
1.04344243e+002	1.54989500e+002	
1.04438587e+002	1.54127184e+002	
1.04532930e+002	1.53264869e+002	
1.04627274e+002	1.52402553e+002	
1.04721618e+002	1.51540238e+002	
1.04815962e+002	1.50716116e+002	
1.04910306e+002	1.49906458e+002	
1.05004649e+002	1.49096800e+002	
1.05098993e+002	1.48287553e+002	
1.05193337e+002	1.47482381e+002	
1.05287681e+002	1.46677209e+002	
1.05382025e+002	1.45872037e+002	
1.05476368e+002	1.45066865e+002	
1.05570712e+002	1.44261694e+002	
1.05665056e+002	1.43456522e+002	
1.05759400e+002	1.42651350e+002	
1.05853744e+002	1.41846178e+002	
1.05948087e+002	1.41041006e+002	
1.06042431e+002	1.40235834e+002	
1.06136775e+002	1.39439103e+002	
1.06231119e+002	1.38679797e+002	
1.06325463e+002	1.37920492e+002	
1.06419806e+002	1.37161187e+002	
1.06514150e+002	1.36401882e+002	
1.06608494e+002	1.35642576e+002	
1.06702838e+002	1.34876934e+002	
1.06797182e+002	1.34103448e+002	
1.06891525e+002	1.33329962e+002	
1.06985869e+002	1.32556475e+002	
1.07080213e+002	1.31782989e+002	
1.07174557e+002	1.31009503e+002	
1.07268901e+002	1.30236017e+002	
1.07363244e+002	1.29462530e+002	
1.07457588e+002	1.28689044e+002	
1.07551932e+002	1.27940658e+002	
1.07646276e+002	1.27212832e+002	
1.07740620e+002	1.26485007e+002	
1.07834963e+002	1.25757181e+002	
1.07929307e+002	1.25029355e+002	
1.08023651e+002	1.24301530e+002	
1.08117995e+002	1.23577018e+002	
1.08212339e+002	1.22853175e+002	
1.08306682e+002	1.22129333e+002	
1.08401026e+002	1.21405490e+002	
1.08495370e+002	1.20681648e+002	
1.08589714e+002	1.19957805e+002	
1.08684058e+002	1.19233963e+002	
1.08778401e+002	1.18510121e+002	
1.08872745e+002	1.17790957e+002	
1.08967089e+002	1.17099541e+002	
1.09061433e+002	1.16408125e+002	
1.09155777e+002	1.15716708e+002	
1.09250120e+002	1.15025292e+002	
1.09344464e+002	1.14333876e+002	
1.09438808e+002	1.13642459e+002	
1.09533152e+002	1.12951043e+002	
1.09627496e+002	1.12259627e+002	
1.09721839e+002	1.11568210e+002	
1.09816183e+002	1.10876794e+002	
1.09910527e+002	1.10182088e+002	
1.10004871e+002	1.09480272e+002	
1.10099215e+002	1.08778457e+002	
1.10193558e+002	1.08091966e+002	
1.10287902e+002	1.07441303e+002	
1.10382246e+002	1.06790639e+002	
1.10476590e+002	1.06139975e+002	
1.10570934e+002	1.05480450e+002	
1.10665277e+002	1.04818069e+002	
1.10759621e+002	1.04155687e+002	
1.10853965e+002	1.03493305e+002	
1.10948309e+002	1.02830923e+002	
1.11042653e+002	1.02168541e+002	
1.11136996e+002	1.01506160e+002	
1.11231340e+002	1.00843778e+002	
1.11325684e+002	1.00181396e+002	
1.11420028e+002	9.95190144e+001	
1.11514372e+002	9.88566326e+001	
1.11608715e+002	9.82158402e+001	
1.11703059e+002	9.75751557e+001	
1.11797403e+002	9.69344711e+001	
1.11891747e+002	9.62937865e+001	
1.11986091e+002	9.56578541e+001	
1.12080434e+002	9.50463746e+001	
1.12174778e+002	9.44348951e+001	
1.12269122e+002	9.38234157e+001	
1.12363466e+002	9.32119362e+001	
1.12457810e+002	9.26004567e+001	
1.12552153e+002	9.19889772e+001	
1.12646497e+002	9.13774978e+001	
1.12740841e+002	9.07660183e+001	
1.12835185e+002	9.01545388e+001	
1.12929529e+002	8.95430594e+001	
1.13023872e+002	8.89420523e+001	
1.13118216e+002	8.83495640e+001	
1.13212560e+002	8.77570758e+001	
1.13306904e+002	8.71645875e+001	
1.13401248e+002	8.65720992e+001	
1.13495591e+002	8.59796110e+001	
1.13589935e+002	8.53871227e+001	
1.13684279e+002	8.47946345e+001	
1.13778623e+002	8.42072727e+001	
1.13872967e+002	8.36365815e+001	
1.13967310e+002	8.30658904e+001	
1.14061654e+002	8.24951992e+001	
1.14155998e+002	8.19245081e+001	
1.14250342e+002	8.13538169e+001	
1.14344686e+002	8.07831258e+001	
1.14439029e+002	8.02124346e+001	
1.14533373e+002	7.96417435e+001	
1.14627717e+002	7.90710523e+001	
1.14722061e+002	7.85003612e+001	
1.14816405e+002	7.79296700e+001	
1.14910748e+002	7.73589789e+001	
1.15005092e+002	7.67882877e+001	
1.15099436e+002	7.62198016e+001	
1.15193780e+002	7.56535834e+001	
1.15288124e+002	7.50873652e+001	
1.15382467e+002	7.45387149e+001	
1.15476811e+002	7.40084174e+001	
1.15571155e+002	7.34781200e+001	
1.15665499e+002	7.29478225e+001	
1.15759843e+002	7.24175251e+001	
1.15854186e+002	7.18872277e+001	
1.15948530e+002	7.13569302e+001	
1.16042874e+002	7.08266328e+001	
1.16137218e+002	7.02963353e+001	
1.16231562e+002	6.97660379e+001	
1.16325905e+002	6.92357404e+001	
1.16420249e+002	6.87054430e+001	
1.16514593e+002	6.81751456e+001	
1.16608937e+002	6.76448481e+001	
1.16703281e+002	6.71167551e+001	
1.16797624e+002	6.66101673e+001	
1.16891968e+002	6.61091081e+001	
1.16986312e+002	6.56080488e+001	
1.17080656e+002	6.51069896e+001	
1.17175000e+002	6.46059303e+001	
1.17269343e+002	6.41048711e+001	
1.17363687e+002	6.36038118e+001	
1.17458031e+002	6.31027526e+001	
1.17552375e+002	6.26016933e+001	
1.17646719e+002	6.20999355e+001	
1.17741062e+002	6.15962395e+001	
1.17835406e+002	6.10925436e+001	
1.17929750e+002	6.05888477e+001	
1.18024094e+002	6.00851518e+001	
1.18118438e+002	5.95819927e+001	
1.18212781e+002	5.91120126e+001	
1.18307125e+002	5.86454176e+001	
1.18401469e+002	5.81788227e+001	
1.18495813e+002	5.77122277e+001	
1.18590157e+002	5.72456328e+001	
1.18684500e+002	5.67764670e+001	
1.18778844e+002	5.63071787e+001	
1.18873188e+002	5.58378904e+001	
1.18967532e+002	5.53686021e+001	
1.19061876e+002	5.48993138e+001	
1.19156219e+002	5.44300255e+001	
1.19250563e+002	5.39607372e+001	
1.19344907e+002	5.34914489e+001	
1.19439251e+002	5.30221606e+001	
1.19533595e+002	5.25528723e+001	
1.19627938e+002	5.20835840e+001	
1.19722282e+002	5.16142957e+001	
1.19816626e+002	5.11450074e+001	
1.19910970e+002	5.06760136e+001	
1.20005314e+002	5.02276875e+001	
1.20099657e+002	4.98063577e+001	
1.20194001e+002	4.93850279e+001	
1.20288345e+002	4.89547209e+001	
1.20382689e+002	4.85208767e+001	
1.20477033e+002	4.80870324e+001	
1.20571376e+002	4.76531881e+001	
1.20665720e+002	4.72193438e+001	
1.20760064e+002	4.67854996e+001	
1.20854408e+002	4.63516553e+001	
1.20948752e+002	4.59178110e+001	
1.21043095e+002	4.54839667e+001	
1.21137439e+002	4.50501225e+001	
1.21231783e+002	4.46162782e+001	
1.21326127e+002	4.41824339e+001	
1.21420471e+002	4.37485896e+001	
1.21514814e+002	4.33168523e+001	
1.21609158e+002	4.29010741e+001	
1.21703502e+002	4.24852959e+001	
1.21797846e+002	4.20695178e+001	
1.21892190e+002	4.16544650e+001	
1.21986533e+002	4.12690565e+001	
1.22080877e+002	4.08836481e+001	
1.22175221e+002	4.04982396e+001	
1.22269565e+002	4.01128312e+001	
1.22363909e+002	3.97274227e+001	
1.22458252e+002	3.93338682e+001	
1.22552596e+002	3.89373171e+001	
1.22646940e+002	3.85407661e+001	
1.22741284e+002	3.81442150e+001	
1.22835628e+002	3.77476639e+001	
1.22929971e+002	3.73511128e+001	
1.23024315e+002	3.69545617e+001	
1.23118659e+002	3.65580107e+001	
1.23213003e+002	3.61614596e+001	
1.23307347e+002	3.57909872e+001	
1.23401690e+002	3.54330066e+001	
1.23496034e+002	3.50750260e+001	
1.23590378e+002	3.47170453e+001	
1.23684722e+002	3.43590647e+001	
1.23779066e+002	3.40010841e+001	
1.23873409e+002	3.36431035e+001	
1.23967753e+002	3.32851229e+001	
1.24062097e+002	3.29271422e+001	
1.24156441e+002	3.25691616e+001	
1.24250785e+002	3.22238583e+001	
1.24345128e+002	3.18799317e+001	
1.24439472e+002	3.15360051e+001	
1.24533816e+002	3.11920785e+001	
1.24628160e+002	3.08479462e+001	
1.24722504e+002	3.05028667e+001	
1.24816847e+002	3.01577872e+001	
1.24911191e+002	2.98127078e+001	
1.25005535e+002	2.94676283e+001	
1.25099879e+002	2.91225488e+001	
1.25194223e+002	2.87774693e+001	
1.25288566e+002	2.84323898e+001	
1.25382910e+002	2.80873104e+001	
1.25477254e+002	2.77422309e+001	
1.25571598e+002	2.73971514e+001	
1.25665942e+002	2.70520719e+001	
1.25760285e+002	2.67289567e+001	
1.25854629e+002	2.64226398e+001	
1.25948973e+002	2.61163230e+001	
1.26043317e+002	2.58100061e+001	
1.26137661e+002	2.55036893e+001	
1.26232004e+002	2.51973724e+001	
1.26326348e+002	2.48910556e+001	
1.26420692e+002	2.45847387e+001	
1.26515036e+002	2.42784218e+001	
1.26609380e+002	2.39721050e+001	
1.26703723e+002	2.36657881e+001	
1.26798067e+002	2.33599747e+001	
1.26892411e+002	2.30551874e+001	
1.26986755e+002	2.27504001e+001	
1.27081099e+002	2.24532510e+001	
1.27175442e+002	2.21584570e+001	
1.27269786e+002	2.18636630e+001	
1.27364130e+002	2.15688690e+001	
1.27458474e+002	2.12740750e+001	
1.27552818e+002	2.09792809e+001	
1.27647161e+002	2.06844869e+001	
1.27741505e+002	2.03896929e+001	
1.27835849e+002	2.00948989e+001	
1.27930193e+002	1.98001049e+001	
1.28024537e+002	1.95053108e+001	
1.28118880e+002	1.92105168e+001	
1.28213224e+002	1.89545832e+001	
1.28307568e+002	1.87057737e+001	
1.28401912e+002	1.84569643e+001	
1.28496256e+002	1.82081548e+001	
1.28590599e+002	1.79593454e+001	
1.28684943e+002	1.77105359e+001	
1.28779287e+002	1.74617265e+001	
1.28873631e+002	1.72129170e+001	
1.28967975e+002	1.69641076e+001	
1.29062318e+002	1.67152981e+001	
1.29156662e+002	1.64664887e+001	
1.29251006e+002	1.62176792e+001	
1.29345350e+002	1.59670119e+001	
1.29439694e+002	1.57108241e+001	
1.29534037e+002	1.54546363e+001	
1.29628381e+002	1.51984485e+001	
1.29722725e+002	1.49422607e+001	
1.29817069e+002	1.46860730e+001	
1.29911413e+002	1.44298852e+001	
1.30005756e+002	1.41866216e+001	
1.30100100e+002	1.39662642e+001	
1.30194444e+002	1.37459068e+001	
1.30288788e+002	1.35255494e+001	
1.30383132e+002	1.33051921e+001	
1.30477475e+002	1.30848347e+001	
1.30571819e+002	1.28644773e+001	
1.30666163e+002	1.26441199e+001	
1.30760507e+002	1.24237626e+001	
1.30854851e+002	1.22034052e+001	
1.30949194e+002	1.19830478e+001	
1.31043538e+002	1.17626904e+001	
1.31137882e+002	1.15423331e+001	
1.31232226e+002	1.13219757e+001	
1.31326570e+002	1.11134404e+001	
1.31420913e+002	1.09109103e+001	
1.31515257e+002	1.07083801e+001	
1.31609601e+002	1.05058499e+001	
1.31703945e+002	1.03033197e+001	
1.31798289e+002	1.01114512e+001	
1.31892632e+002	9.92184330e+000	
1.31986976e+002	9.73223537e+000	
1.32081320e+002	9.54262744e+000	
1.32175664e+002	9.35301951e+000	
1.32270008e+002	9.16341159e+000	
1.32364351e+002	8.97380366e+000	
1.32458695e+002	8.78419573e+000	
1.32553039e+002	8.59458780e+000	
1.32647383e+002	8.40497987e+000	
1.32741727e+002	8.22120355e+000	
1.32836070e+002	8.05582805e+000	
1.32930414e+002	7.89045256e+000	
1.33024758e+002	7.72507706e+000	
1.33119102e+002	7.55970156e+000	
1.33213446e+002	7.39432607e+000	
1.33307789e+002	7.22895057e+000	
1.33402133e+002	7.06357507e+000	
1.33496477e+002	6.89819958e+000	
1.33590821e+002	6.72935781e+000	
1.33685165e+002	6.55893474e+000	
1.33779508e+002	6.38851168e+000	
1.33873852e+002	6.21808861e+000	
1.33968196e+002	6.04766555e+000	
1.34062540e+002	5.87724248e+000	
1.34156884e+002	5.71963706e+000	
1.34251227e+002	5.58968346e+000	
1.34345571e+002	5.45972986e+000	
1.34439915e+002	5.32977625e+000	
1.34534259e+002	5.19982265e+000	
1.34628603e+002	5.06986905e+000	
1.34722946e+002	4.93991544e+000	
1.34817290e+002	4.80996184e+000	
1.34911634e+002	4.68000824e+000	
1.35005978e+002	4.55005463e+000	
1.35100322e+002	4.41891926e+000	
1.35194665e+002	4.27811574e+000	
1.35289009e+002	4.13731223e+000	
1.35383353e+002	3.99650871e+000	
1.35477697e+002	3.85570520e+000	
1.35572041e+002	3.71490168e+000	
1.35666384e+002	3.58659065e+000	
1.35760728e+002	3.49242266e+000	
1.35855072e+002	3.39825467e+000	
1.35949416e+002	3.30408668e+000	
1.36043760e+002	3.20895457e+000	
1.36138103e+002	3.11150622e+000	
1.36232447e+002	3.01405788e+000	
1.36326791e+002	2.91660953e+000	
1.36421135e+002	2.81916118e+000	
1.36515479e+002	2.72171284e+000	
1.36609822e+002	2.62426449e+000	
1.36704166e+002	2.52681615e+000	
1.36798510e+002	2.42936780e+000	
1.36892854e+002	2.33191945e+000	
1.36987198e+002	2.23447111e+000	
1.37081541e+002	2.13702276e+000	
1.37175885e+002	2.03957442e+000	
1.37270229e+002	1.94212607e+000	
1.37364573e+002	1.84467773e+000	
1.37458917e+002	1.74722938e+000	
1.37553260e+002	1.64978103e+000	
1.37647604e+002	1.55233269e+000	
1.37741948e+002	1.48284421e+000	
1.37836292e+002	1.42038920e+000	
1.37930636e+002	1.35793419e+000	
1.38024979e+002	1.29547918e+000	
1.38119323e+002	1.23302417e+000	
1.38213667e+002	1.17056917e+000	
1.38308011e+002	1.10811416e+000	
1.38402355e+002	1.04565915e+000	
1.38496698e+002	9.83204138e-001	
1.38591042e+002	9.20749129e-001	
1.38685386e+002	8.58294120e-001	
1.38779730e+002	7.95839111e-001	
1.38874074e+002	7.32392038e-001	
1.38968417e+002	6.68464119e-001	
1.39062761e+002	6.13869616e-001	
1.39157105e+002	5.71940407e-001	
1.39251449e+002	5.30011199e-001	
1.39345793e+002	4.88081991e-001	
1.39440136e+002	4.46152783e-001	
1.39534480e+002	4.04223574e-001	
1.39628824e+002	3.62294366e-001	
1.39723168e+002	3.20365158e-001	
1.39817512e+002	2.78435950e-001	
1.39911855e+002	2.40817423e-001	
1.40006199e+002	2.09960861e-001	
1.40100543e+002	1.83086116e-001	
1.40194887e+002	1.63307297e-001	
1.40289231e+002	1.43528479e-001	
1.40383574e+002	1.22900974e-001	
1.40477918e+002	9.95850120e-002	
1.40572262e+002	7.62690497e-002	
1.40666606e+002	5.96462072e-002	
1.40760950e+002	4.90053054e-002	
1.40855293e+002	3.83644037e-002	
1.40949637e+002	2.77235019e-002	
1.41043981e+002	1.70826001e-002	
1.41138325e+002	9.40261921e-003	
1.41232669e+002	5.08066880e-003	
1.41327012e+002	7.58718394e-004	
1.41421356e+002	0.00000000e+000	
