% Column 0: Length, mm
% Column 1: |E|, V/m
0.00000000e+000	0.00000000e+000	
9.43438000e-002	4.90174829e+001	
1.88687600e-001	6.72858185e+001	
2.83031400e-001	8.55770705e+001	
3.77375200e-001	1.03229652e+002	
4.71719000e-001	1.20438705e+002	
5.66062800e-001	1.37761605e+002	
6.60406600e-001	1.55160227e+002	
7.54750400e-001	1.72611674e+002	
8.49094200e-001	1.91843586e+002	
9.43438000e-001	2.13242005e+002	
1.03778180e+000	2.34859937e+002	
1.13212560e+000	2.60435173e+002	
1.22646940e+000	2.87341045e+002	
1.32081320e+000	3.14347149e+002	
1.41515700e+000	3.42508916e+002	
1.50950080e+000	3.71420812e+002	
1.60384460e+000	3.95461198e+002	
1.69818840e+000	4.16555876e+002	
1.79253220e+000	4.37889492e+002	
1.88687600e+000	4.59428759e+002	
1.98121980e+000	4.81146061e+002	
2.07556360e+000	5.03018339e+002	
2.16990740e+000	5.25026223e+002	
2.26425120e+000	5.47153352e+002	
2.35859500e+000	5.69385823e+002	
2.45293880e+000	5.87513191e+002	
2.54728260e+000	6.02565264e+002	
2.64162640e+000	6.20123309e+002	
2.73597020e+000	6.42884657e+002	
2.83031400e+000	6.65693219e+002	
2.92465780e+000	6.88544302e+002	
3.01900160e+000	7.11433809e+002	
3.11334540e+000	7.34358147e+002	
3.20768920e+000	7.57314154e+002	
3.30203300e+000	7.80299033e+002	
3.39637680e+000	8.03310308e+002	
3.49072060e+000	8.26345771e+002	
3.58506440e+000	8.49403457e+002	
3.67940820e+000	8.72481602e+002	
3.77375200e+000	8.93413583e+002	
3.86809580e+000	9.05803529e+002	
3.96243960e+000	9.18285728e+002	
4.05678340e+000	9.30856468e+002	
4.15112720e+000	9.43512210e+002	
4.24547100e+000	9.56249580e+002	
4.33981480e+000	9.69065359e+002	
4.43415860e+000	9.81956477e+002	
4.52850240e+000	9.94920004e+002	
4.62284620e+000	1.00795315e+003	
4.71719000e+000	1.02105324e+003	
4.81153380e+000	1.03421774e+003	
4.90587760e+000	1.04744422e+003	
5.00022140e+000	1.06073036e+003	
5.09456520e+000	1.07407395e+003	
5.18890900e+000	1.08747286e+003	
5.28325280e+000	1.10092509e+003	
5.37759660e+000	1.11442869e+003	
5.47194040e+000	1.13287556e+003	
5.56628420e+000	1.15336930e+003	
5.66062800e+000	1.17386571e+003	
5.75497180e+000	1.19436464e+003	
5.84931560e+000	1.21800846e+003	
5.94365940e+000	1.24281797e+003	
6.03800320e+000	1.26764450e+003	
6.13234700e+000	1.29248708e+003	
6.22669080e+000	1.31734480e+003	
6.32103460e+000	1.34221682e+003	
6.41537840e+000	1.36811686e+003	
6.50972220e+000	1.39416160e+003	
6.60406600e+000	1.42022640e+003	
6.69840980e+000	1.44631019e+003	
6.79275360e+000	1.47241195e+003	
6.88709740e+000	1.49853075e+003	
6.98144120e+000	1.52466570e+003	
7.07578500e+000	1.55081600e+003	
7.17012880e+000	1.57698087e+003	
7.26447260e+000	1.60315961e+003	
7.35881640e+000	1.62382698e+003	
7.45316020e+000	1.64194848e+003	
7.54750400e+000	1.66008490e+003	
7.64184780e+000	1.67823576e+003	
7.73619160e+000	1.69640059e+003	
7.83053540e+000	1.71457894e+003	
7.92487920e+000	1.73277432e+003	
8.01922300e+000	1.75099293e+003	
8.11356680e+000	1.76922670e+003	
8.20791060e+000	1.78747517e+003	
8.30225440e+000	1.80573789e+003	
8.39659820e+000	1.82401443e+003	
8.49094200e+000	1.84230439e+003	
8.58528580e+000	1.86060736e+003	
8.67962960e+000	1.87892296e+003	
8.77397340e+000	1.90026008e+003	
8.86831720e+000	1.92255236e+003	
8.96266100e+000	1.94484471e+003	
9.05700480e+000	1.96713714e+003	
9.15134860e+000	1.98942965e+003	
9.24569240e+000	2.01172222e+003	
9.34003620e+000	2.03401486e+003	
9.43438000e+000	2.05630757e+003	
9.52872380e+000	2.07860034e+003	
9.62306760e+000	2.10089317e+003	
9.71741140e+000	2.12368729e+003	
9.81175520e+000	2.14885862e+003	
9.90609900e+000	2.17405136e+003	
1.00004428e+001	2.19926478e+003	
1.00947866e+001	2.22449817e+003	
1.01891304e+001	2.24892220e+003	
1.02834742e+001	2.27172161e+003	
1.03778180e+001	2.29452161e+003	
1.04721618e+001	2.31732216e+003	
1.05665056e+001	2.34012326e+003	
1.06608494e+001	2.36292488e+003	
1.07551932e+001	2.38572702e+003	
1.08495370e+001	2.40852966e+003	
1.09438808e+001	2.43133278e+003	
1.10382246e+001	2.45413637e+003	
1.11325684e+001	2.47694042e+003	
1.12269122e+001	2.49974492e+003	
1.13212560e+001	2.52254984e+003	
1.14155998e+001	2.54535519e+003	
1.15099436e+001	2.56452386e+003	
1.16042874e+001	2.58164051e+003	
1.16986312e+001	2.59875729e+003	
1.17929750e+001	2.61587419e+003	
1.18873188e+001	2.63299120e+003	
1.19816626e+001	2.65010833e+003	
1.20760064e+001	2.66722558e+003	
1.21703502e+001	2.68494069e+003	
1.22646940e+001	2.70286236e+003	
1.23590378e+001	2.72079010e+003	
1.24533816e+001	2.73872380e+003	
1.25477254e+001	2.75666334e+003	
1.26420692e+001	2.77460861e+003	
1.27364130e+001	2.79255949e+003	
1.28307568e+001	2.81051589e+003	
1.29251006e+001	2.82847769e+003	
1.30194444e+001	2.84644479e+003	
1.31137882e+001	2.86441709e+003	
1.32081320e+001	2.88239450e+003	
1.33024758e+001	2.90098654e+003	
1.33968196e+001	2.92290717e+003	
1.34911634e+001	2.94483003e+003	
1.35855072e+001	2.96675505e+003	
1.36798510e+001	2.98868221e+003	
1.37741948e+001	3.01061144e+003	
1.38685386e+001	3.03254270e+003	
1.39628824e+001	3.05447595e+003	
1.40572262e+001	3.07641115e+003	
1.41515700e+001	3.09834826e+003	
1.42459138e+001	3.12028723e+003	
1.43402576e+001	3.14222802e+003	
1.44346014e+001	3.16392005e+003	
1.45289452e+001	3.18480277e+003	
1.46232890e+001	3.20568990e+003	
1.47176328e+001	3.22649341e+003	
1.48119766e+001	3.24725520e+003	
1.49063204e+001	3.26801784e+003	
1.50006642e+001	3.28878130e+003	
1.50950080e+001	3.30954558e+003	
1.51893518e+001	3.33031065e+003	
1.52836956e+001	3.35107650e+003	
1.53780394e+001	3.37184313e+003	
1.54723832e+001	3.39261050e+003	
1.55667270e+001	3.41337862e+003	
1.56610708e+001	3.43414746e+003	
1.57554146e+001	3.45352166e+003	
1.58497584e+001	3.47107253e+003	
1.59441022e+001	3.48862463e+003	
1.60384460e+001	3.50617796e+003	
1.61327898e+001	3.52373250e+003	
1.62271336e+001	3.54128822e+003	
1.63214774e+001	3.55884511e+003	
1.64158212e+001	3.57640316e+003	
1.65101650e+001	3.59396234e+003	
1.66045088e+001	3.61152264e+003	
1.66988526e+001	3.62908404e+003	
1.67931964e+001	3.64664653e+003	
1.68875402e+001	3.66459666e+003	
1.69818840e+001	3.68263303e+003	
1.70762278e+001	3.70067178e+003	
1.71705716e+001	3.71871286e+003	
1.72649154e+001	3.73722091e+003	
1.73592592e+001	3.76000997e+003	
1.74536030e+001	3.78280253e+003	
1.75479468e+001	3.80559853e+003	
1.76422906e+001	3.82839790e+003	
1.77366344e+001	3.85120059e+003	
1.78309782e+001	3.87400653e+003	
1.79253220e+001	3.89681567e+003	
1.80196658e+001	3.91962795e+003	
1.81140096e+001	3.94244333e+003	
1.82083534e+001	3.96526173e+003	
1.83026972e+001	3.98808312e+003	
1.83970410e+001	4.01090745e+003	
1.84913848e+001	4.03373465e+003	
1.85857286e+001	4.05656469e+003	
1.86800724e+001	4.07939751e+003	
1.87744162e+001	4.10259985e+003	
1.88687600e+001	4.12637854e+003	
1.89631038e+001	4.15019056e+003	
1.90574476e+001	4.17403535e+003	
1.91517914e+001	4.19791234e+003	
1.92461352e+001	4.22182099e+003	
1.93404790e+001	4.24576076e+003	
1.94348228e+001	4.26973113e+003	
1.95291666e+001	4.29373158e+003	
1.96235104e+001	4.31776162e+003	
1.97178542e+001	4.34182075e+003	
1.98121980e+001	4.36518850e+003	
1.99065418e+001	4.38461404e+003	
2.00008856e+001	4.40404112e+003	
2.00952294e+001	4.42346972e+003	
2.01895732e+001	4.44289982e+003	
2.02839170e+001	4.46233140e+003	
2.03782608e+001	4.48418766e+003	
2.04726046e+001	4.50943928e+003	
2.05669484e+001	4.53469143e+003	
2.06612922e+001	4.55994410e+003	
2.07556360e+001	4.58519728e+003	
2.08499798e+001	4.61045096e+003	
2.09443236e+001	4.63570514e+003	
2.10386674e+001	4.66095981e+003	
2.11330112e+001	4.68621496e+003	
2.12273550e+001	4.71147058e+003	
2.13216988e+001	4.73672666e+003	
2.14160426e+001	4.76056235e+003	
2.15103864e+001	4.78230724e+003	
2.16047302e+001	4.80405276e+003	
2.16990740e+001	4.82579890e+003	
2.17934178e+001	4.84754565e+003	
2.18877616e+001	4.86929301e+003	
2.19821054e+001	4.89104097e+003	
2.20764492e+001	4.91278951e+003	
2.21707930e+001	4.93416565e+003	
2.22651368e+001	4.95354558e+003	
2.23594806e+001	4.97292898e+003	
2.24538244e+001	4.99231581e+003	
2.25481682e+001	5.01170602e+003	
2.26425120e+001	5.03109958e+003	
2.27368558e+001	5.05049646e+003	
2.28311996e+001	5.06989661e+003	
2.29255434e+001	5.08929999e+003	
2.30198872e+001	5.10870657e+003	
2.31142310e+001	5.12811631e+003	
2.32085748e+001	5.14733058e+003	
2.33029186e+001	5.16297477e+003	
2.33972624e+001	5.17861898e+003	
2.34916062e+001	5.19426318e+003	
2.35859500e+001	5.20990740e+003	
2.36802938e+001	5.22555162e+003	
2.37746376e+001	5.24119584e+003	
2.38689814e+001	5.25684007e+003	
2.39633252e+001	5.27248431e+003	
2.40576690e+001	5.29475824e+003	
2.41520128e+001	5.31775490e+003	
2.42463566e+001	5.34075194e+003	
2.43407004e+001	5.36374934e+003	
2.44350442e+001	5.38674712e+003	
2.45293880e+001	5.40974526e+003	
2.46237318e+001	5.43274375e+003	
2.47180756e+001	5.45574260e+003	
2.48124194e+001	5.47874179e+003	
2.49067632e+001	5.50249150e+003	
2.50011070e+001	5.52968343e+003	
2.50954508e+001	5.55687547e+003	
2.51897946e+001	5.58406761e+003	
2.52841384e+001	5.61125986e+003	
2.53784822e+001	5.63845222e+003	
2.54728260e+001	5.66564467e+003	
2.55671698e+001	5.69283722e+003	
2.56615136e+001	5.71924890e+003	
2.57558574e+001	5.74350909e+003	
2.58502012e+001	5.76776998e+003	
2.59445450e+001	5.79203157e+003	
2.60388888e+001	5.81629386e+003	
2.61332326e+001	5.84055683e+003	
2.62275764e+001	5.86482047e+003	
2.63219202e+001	5.88908477e+003	
2.64162640e+001	5.91334973e+003	
2.65106078e+001	5.93780723e+003	
2.66049516e+001	5.96661594e+003	
2.66992954e+001	5.99542468e+003	
2.67936392e+001	6.02423345e+003	
2.68879830e+001	6.05304226e+003	
2.69823268e+001	6.08185109e+003	
2.70766706e+001	6.11065995e+003	
2.71710144e+001	6.13946884e+003	
2.72653582e+001	6.16827775e+003	
2.73597020e+001	6.19708670e+003	
2.74540458e+001	6.22589567e+003	
2.75483896e+001	6.25470467e+003	
2.76427334e+001	6.28351369e+003	
2.77370772e+001	6.31232275e+003	
2.78314210e+001	6.34113182e+003	
2.79257648e+001	6.36596336e+003	
2.80201086e+001	6.38301516e+003	
2.81144524e+001	6.39988011e+003	
2.82087962e+001	6.41674608e+003	
2.83031400e+001	6.43361305e+003	
2.83974838e+001	6.45048103e+003	
2.84918276e+001	6.46735000e+003	
2.85861714e+001	6.48421995e+003	
2.86805152e+001	6.50109087e+003	
2.87748590e+001	6.51796277e+003	
2.88692028e+001	6.53483562e+003	
2.89635466e+001	6.55170943e+003	
2.90578904e+001	6.56858419e+003	
2.91522342e+001	6.58545988e+003	
2.92465780e+001	6.60233651e+003	
2.93409218e+001	6.61921406e+003	
2.94352656e+001	6.63609252e+003	
2.95296094e+001	6.65297190e+003	
2.96239532e+001	6.66985218e+003	
2.97182970e+001	6.68673336e+003	
2.98126408e+001	6.70361543e+003	
2.99069846e+001	6.73068150e+003	
3.00013284e+001	6.75899733e+003	
3.00956722e+001	6.78731327e+003	
3.01900160e+001	6.81562930e+003	
3.02843598e+001	6.84394543e+003	
3.03787036e+001	6.87226166e+003	
3.04730474e+001	6.90057799e+003	
3.05673912e+001	6.92889441e+003	
3.06617350e+001	6.95721092e+003	
3.07560788e+001	6.98552753e+003	
3.08504226e+001	7.01384422e+003	
3.09447664e+001	7.04216101e+003	
3.10391102e+001	7.07047789e+003	
3.11334540e+001	7.09879486e+003	
3.12277978e+001	7.12848442e+003	
3.13221416e+001	7.15641340e+003	
3.14164854e+001	7.18434386e+003	
3.15108292e+001	7.21227577e+003	
3.16051730e+001	7.24020912e+003	
3.16995168e+001	7.26814389e+003	
3.17938606e+001	7.29608007e+003	
3.18882044e+001	7.32401763e+003	
3.19825482e+001	7.35195657e+003	
3.20768920e+001	7.37989687e+003	
3.21712358e+001	7.40783851e+003	
3.22655796e+001	7.43578148e+003	
3.23599234e+001	7.46372576e+003	
3.24542672e+001	7.49549143e+003	
3.25486110e+001	7.52952354e+003	
3.26429548e+001	7.56355814e+003	
3.27372986e+001	7.59759518e+003	
3.28316424e+001	7.63163465e+003	
3.29259862e+001	7.66567650e+003	
3.30203300e+001	7.69972070e+003	
3.31146738e+001	7.73376722e+003	
3.32090176e+001	7.76781604e+003	
3.33033614e+001	7.80186712e+003	
3.33977052e+001	7.83592043e+003	
3.34920490e+001	7.86891766e+003	
3.35863928e+001	7.89929697e+003	
3.36807366e+001	7.92967650e+003	
3.37750804e+001	7.96005625e+003	
3.38694242e+001	7.98862867e+003	
3.39637680e+001	8.00960754e+003	
3.40581118e+001	8.03058650e+003	
3.41524556e+001	8.05156554e+003	
3.42467994e+001	8.07254468e+003	
3.43411432e+001	8.09192183e+003	
3.44354870e+001	8.10910183e+003	
3.45298308e+001	8.12629077e+003	
3.46241746e+001	8.14348860e+003	
3.47185184e+001	8.16069527e+003	
3.48128622e+001	8.17791071e+003	
3.49072060e+001	8.19513487e+003	
3.50015498e+001	8.21236770e+003	
3.50958936e+001	8.22960914e+003	
3.51902374e+001	8.24685914e+003	
3.52845812e+001	8.26411764e+003	
3.53789250e+001	8.28138459e+003	
3.54732688e+001	8.29865995e+003	
3.55676126e+001	8.31594365e+003	
3.56619564e+001	8.33323564e+003	
3.57563002e+001	8.35476544e+003	
3.58506440e+001	8.39139328e+003	
3.59449878e+001	8.42802113e+003	
3.60393316e+001	8.46464898e+003	
3.61336754e+001	8.50127684e+003	
3.62280192e+001	8.53790470e+003	
3.63223630e+001	8.57453257e+003	
3.64167068e+001	8.61159029e+003	
3.65110506e+001	8.65634157e+003	
3.66053944e+001	8.70110378e+003	
3.66997382e+001	8.74587674e+003	
3.67940820e+001	8.79066029e+003	
3.68884258e+001	8.83206278e+003	
3.69827696e+001	8.87279323e+003	
3.70771134e+001	8.91352381e+003	
3.71714572e+001	8.95425450e+003	
3.72658010e+001	8.99498530e+003	
3.73601448e+001	9.03571622e+003	
3.74544886e+001	9.07644724e+003	
3.75488324e+001	9.11717837e+003	
3.76431762e+001	9.15790961e+003	
3.77375200e+001	9.19864096e+003	
3.78318638e+001	9.23494439e+003	
3.79262076e+001	9.26775018e+003	
3.80205514e+001	9.30055735e+003	
3.81148952e+001	9.33336589e+003	
3.82092390e+001	9.36478486e+003	
3.83035828e+001	9.39609177e+003	
3.83979266e+001	9.42740525e+003	
3.84922704e+001	9.45872522e+003	
3.85866142e+001	9.49005161e+003	
3.86809580e+001	9.52138437e+003	
3.87753018e+001	9.55199629e+003	
3.88696456e+001	9.58198088e+003	
3.89639894e+001	9.61197029e+003	
3.90583332e+001	9.64196448e+003	
3.91526770e+001	9.67196340e+003	
3.92470208e+001	9.70196701e+003	
3.93413646e+001	9.73197526e+003	
3.94357084e+001	9.76198811e+003	
3.95300522e+001	9.79200553e+003	
3.96243960e+001	9.82222710e+003	
3.97187398e+001	9.85539880e+003	
3.98130836e+001	9.88857403e+003	
3.99074274e+001	9.92175278e+003	
4.00017712e+001	9.95595426e+003	
4.00961150e+001	9.99182316e+003	
4.01904588e+001	1.00276952e+004	
4.02848026e+001	1.00635703e+004	
4.03791464e+001	1.00994485e+004	
4.04734902e+001	1.01353298e+004	
4.05678340e+001	1.01712140e+004	
4.06621778e+001	1.02071012e+004	
4.07565216e+001	1.02429914e+004	
4.08508654e+001	1.02788844e+004	
4.09452092e+001	1.03147804e+004	
4.10395530e+001	1.03506792e+004	
4.11338968e+001	1.03865808e+004	
4.12282406e+001	1.04224852e+004	
4.13225844e+001	1.04583924e+004	
4.14169282e+001	1.04943023e+004	
4.15112720e+001	1.05320552e+004	
4.16056158e+001	1.05744916e+004	
4.16999596e+001	1.06169283e+004	
4.17943034e+001	1.06695630e+004	
4.18886472e+001	1.07307697e+004	
4.19829910e+001	1.07919909e+004	
4.20773348e+001	1.08532263e+004	
4.21716786e+001	1.09084578e+004	
4.22660224e+001	1.09577937e+004	
4.23603662e+001	1.10071343e+004	
4.24547100e+001	1.10564795e+004	
4.25490538e+001	1.11058294e+004	
4.26433976e+001	1.11551838e+004	
4.27377414e+001	1.12045426e+004	
4.28320852e+001	1.12539059e+004	
4.29264290e+001	1.13032735e+004	
4.30207728e+001	1.13526454e+004	
4.31151166e+001	1.14020216e+004	
4.32094604e+001	1.14514020e+004	
4.33038042e+001	1.15007864e+004	
4.33981480e+001	1.15464472e+004	
4.34924918e+001	1.15858440e+004	
4.35868356e+001	1.16252437e+004	
4.36811794e+001	1.16646461e+004	
4.37755232e+001	1.17040512e+004	
4.38698670e+001	1.17434591e+004	
4.39642108e+001	1.17828696e+004	
4.40585546e+001	1.18222828e+004	
4.41528984e+001	1.18616987e+004	
4.42472422e+001	1.19011171e+004	
4.43415860e+001	1.19405382e+004	
4.44359298e+001	1.19742543e+004	
4.45302736e+001	1.20050570e+004	
4.46246174e+001	1.20358600e+004	
4.47189612e+001	1.20666632e+004	
4.48133050e+001	1.20974667e+004	
4.49076488e+001	1.21282703e+004	
4.50019926e+001	1.21590742e+004	
4.50963364e+001	1.21898782e+004	
4.51906802e+001	1.22206825e+004	
4.52850240e+001	1.22514870e+004	
4.53793678e+001	1.22822917e+004	
4.54737116e+001	1.23130966e+004	
4.55680554e+001	1.23456386e+004	
4.56623992e+001	1.24012655e+004	
4.57567430e+001	1.24568963e+004	
4.58510868e+001	1.25125311e+004	
4.59454306e+001	1.25681699e+004	
4.60397744e+001	1.26238124e+004	
4.61341182e+001	1.26866512e+004	
4.62284620e+001	1.27586521e+004	
4.63228058e+001	1.28306555e+004	
4.64171496e+001	1.29026614e+004	
4.65114934e+001	1.29746696e+004	
4.66058372e+001	1.30466803e+004	
4.67001810e+001	1.31186932e+004	
4.67945248e+001	1.31907085e+004	
4.68888686e+001	1.32627260e+004	
4.69832124e+001	1.33345494e+004	
4.70775562e+001	1.33997180e+004	
4.71719000e+001	1.34648881e+004	
4.72662438e+001	1.35300594e+004	
4.73605876e+001	1.35952322e+004	
4.74549314e+001	1.36617663e+004	
4.75492752e+001	1.37393639e+004	
4.76436190e+001	1.38169737e+004	
4.77379628e+001	1.38945955e+004	
4.78323066e+001	1.39722292e+004	
4.79266504e+001	1.40498745e+004	
4.80209942e+001	1.41275313e+004	
4.81153380e+001	1.42051993e+004	
4.82096818e+001	1.42828785e+004	
4.83040256e+001	1.43605685e+004	
4.83983694e+001	1.44382693e+004	
4.84927132e+001	1.45159806e+004	
4.85870570e+001	1.45935316e+004	
4.86814008e+001	1.46709634e+004	
4.87757446e+001	1.47315542e+004	
4.88700884e+001	1.47962213e+004	
4.89644322e+001	1.48802025e+004	
4.90587760e+001	1.49641864e+004	
4.91531198e+001	1.50481728e+004	
4.92474636e+001	1.51321617e+004	
4.93418074e+001	1.52161530e+004	
4.94361512e+001	1.53001468e+004	
4.95304950e+001	1.53841430e+004	
4.96248388e+001	1.54681415e+004	
4.97191826e+001	1.55521423e+004	
4.98135264e+001	1.56361454e+004	
4.99078702e+001	1.57201507e+004	
5.00022140e+001	1.58041582e+004	
5.00965578e+001	1.59096865e+004	
5.01909016e+001	1.60333738e+004	
5.02852454e+001	1.61570634e+004	
5.03795892e+001	1.62807553e+004	
5.04739330e+001	1.64000769e+004	
5.05682768e+001	1.64710696e+004	
5.06626206e+001	1.65420792e+004	
5.07569644e+001	1.66131056e+004	
5.08513082e+001	1.66841486e+004	
5.09456520e+001	1.67552080e+004	
5.10399958e+001	1.68262834e+004	
5.11343396e+001	1.68973749e+004	
5.12286834e+001	1.69684820e+004	
5.13230272e+001	1.70396047e+004	
5.14173710e+001	1.71107428e+004	
5.15117148e+001	1.71818960e+004	
5.16060586e+001	1.72530642e+004	
5.17004024e+001	1.73353929e+004	
5.17947462e+001	1.74188630e+004	
5.18890900e+001	1.75023337e+004	
5.19834338e+001	1.75858049e+004	
5.20777776e+001	1.76692768e+004	
5.21721214e+001	1.77527492e+004	
5.22664652e+001	1.78362222e+004	
5.23608090e+001	1.79382918e+004	
5.24551528e+001	1.80840556e+004	
5.25494966e+001	1.82298684e+004	
5.26438404e+001	1.83757290e+004	
5.27381842e+001	1.85216362e+004	
5.28325280e+001	1.86675891e+004	
5.29268718e+001	1.88135865e+004	
5.30212156e+001	1.89596273e+004	
5.31155594e+001	1.91057107e+004	
5.32099032e+001	1.92518356e+004	
5.33042470e+001	1.93980011e+004	
5.33985908e+001	1.95442063e+004	
5.34929346e+001	1.96914115e+004	
5.35872784e+001	1.98387763e+004	
5.36816222e+001	1.99861638e+004	
5.37759660e+001	2.01335737e+004	
5.38703098e+001	2.02945467e+004	
5.39646536e+001	2.04488757e+004	
5.40589974e+001	2.05917150e+004	
5.41533412e+001	2.07345715e+004	
5.42476850e+001	2.08774447e+004	
5.43420288e+001	2.10203343e+004	
5.44363726e+001	2.11632400e+004	
5.45307164e+001	2.13061615e+004	
5.46250602e+001	2.14490983e+004	
5.47194040e+001	2.15920504e+004	
5.48137478e+001	2.17350172e+004	
5.49080916e+001	2.18779986e+004	
5.50024354e+001	2.20209942e+004	
5.50967792e+001	2.21640039e+004	
5.51911230e+001	2.23070272e+004	
5.52854668e+001	2.24500640e+004	
5.53798106e+001	2.25931140e+004	
5.54741544e+001	2.27361769e+004	
5.55684982e+001	2.28792526e+004	
5.56628420e+001	2.30305802e+004	
5.57571858e+001	2.31875349e+004	
5.58515296e+001	2.33853901e+004	
5.59458734e+001	2.38091200e+004	
5.60402172e+001	2.42330495e+004	
5.61345610e+001	2.46571684e+004	
5.62289048e+001	2.49973987e+004	
5.63232486e+001	2.53356344e+004	
5.64175924e+001	2.56741198e+004	
5.65119362e+001	2.60128453e+004	
5.66062800e+001	2.63518016e+004	
5.67006238e+001	2.66909798e+004	
5.67949676e+001	2.70976733e+004	
5.68893114e+001	2.75251382e+004	
5.69836552e+001	2.79526598e+004	
5.70779990e+001	2.83802352e+004	
5.71723428e+001	2.88078622e+004	
5.72666866e+001	2.92355386e+004	
5.73610304e+001	2.96632620e+004	
5.74553742e+001	3.00910307e+004	
5.75497180e+001	3.05188426e+004	
5.76440618e+001	3.09021473e+004	
5.77384056e+001	3.09491154e+004	
5.78327494e+001	3.09960866e+004	
5.79270932e+001	3.10430609e+004	
5.80214370e+001	3.10900385e+004	
5.81157808e+001	3.11370191e+004	
5.82101246e+001	3.11840028e+004	
5.83044684e+001	3.12309897e+004	
5.83988122e+001	3.12779796e+004	
5.84931560e+001	3.13249726e+004	
5.85874998e+001	3.13719686e+004	
5.86818436e+001	5.07001057e-004	
5.87761874e+001	5.01253237e-004	
5.88705312e+001	5.00089491e-004	
5.89648750e+001	5.03541603e-004	
5.90592188e+001	5.11516127e-004	
5.91535626e+001	5.23806554e-004	
5.92479064e+001	5.40118338e-004	
5.93422502e+001	5.14941958e-004	
5.94365940e+001	5.11510121e-004	
5.95309378e+001	5.30663253e-004	
5.96252816e+001	5.25972432e-004	
5.97196254e+001	5.24555611e-004	
5.98139692e+001	5.26439223e-004	
5.99083130e+001	5.31588187e-004	
6.00026568e+001	5.39909087e-004	
6.00970006e+001	5.51135703e-004	
6.01913444e+001	5.80704437e-004	
6.02856882e+001	6.52119326e-004	
6.03800320e+001	7.53575796e-004	
6.04743758e+001	8.74681792e-004	
6.05687196e+001	1.00838231e-003	
6.06630634e+001	1.04613490e-003	
6.07574072e+001	8.12627374e-004	
6.08517510e+001	5.96784623e-004	
6.09460948e+001	4.26338064e-004	
6.10404386e+001	3.70405217e-004	
6.11347824e+001	4.71656153e-004	
6.12291262e+001	6.61470067e-004	
6.13234700e+001	8.84561696e-004	
6.14178138e+001	1.12124028e-003	
6.15121576e+001	1.36445364e-003	
6.16065014e+001	1.61124528e-003	
6.17008452e+001	1.65342583e-003	
6.17951890e+001	1.66518865e-003	
6.18895328e+001	1.67696947e-003	
6.19838766e+001	1.68876791e-003	
6.20782204e+001	1.70058361e-003	
6.21725642e+001	1.71241620e-003	
6.22669080e+001	1.72426534e-003	
6.23612518e+001	1.73613069e-003	
6.24555956e+001	1.74801193e-003	
6.25499394e+001	1.75990872e-003	
6.26442832e+001	1.77182076e-003	
6.27386270e+001	1.71734518e-003	
6.28329708e+001	1.63373060e-003	
6.29273146e+001	1.55293511e-003	
6.30216584e+001	1.52120019e-003	
6.31160022e+001	1.53625979e-003	
6.32103460e+001	1.52358883e-003	
6.33046898e+001	1.48064613e-003	
6.33990336e+001	1.44076819e-003	
6.34933774e+001	1.40421615e-003	
6.35877212e+001	1.37125599e-003	
6.36820650e+001	1.34215237e-003	
6.37764088e+001	1.31716095e-003	
6.38707526e+001	1.30153065e-003	
6.39650964e+001	1.32210353e-003	
6.40594402e+001	1.34384930e-003	
6.41537840e+001	1.36671199e-003	
6.42481278e+001	1.39063650e-003	
6.43424716e+001	1.41556900e-003	
6.44368154e+001	1.44240165e-003	
6.45311592e+001	1.47961426e-003	
6.46255030e+001	1.52069049e-003	
6.47198468e+001	1.56532621e-003	
6.48141906e+001	1.61322598e-003	
6.49085344e+001	1.66410798e-003	
6.50028782e+001	1.71770721e-003	
6.50972220e+001	1.77377736e-003	
6.51915658e+001	1.76594764e-003	
6.52859096e+001	1.73309093e-003	
6.53802534e+001	1.70267512e-003	
6.54745972e+001	1.67483319e-003	
6.55689410e+001	1.64969545e-003	
6.56632848e+001	1.62738724e-003	
6.57576286e+001	1.60802631e-003	
6.58519724e+001	1.59172021e-003	
6.59463162e+001	1.57856362e-003	
6.60406600e+001	1.56863579e-003	
6.61350038e+001	1.56199828e-003	
6.62293476e+001	1.55869313e-003	
6.63236914e+001	1.55874153e-003	
6.64180352e+001	1.54954833e-003	
6.65123790e+001	1.51056918e-003	
6.66067228e+001	1.46450027e-003	
6.67010666e+001	1.41870044e-003	
6.67954104e+001	1.37319663e-003	
6.68897542e+001	1.32801927e-003	
6.69840980e+001	1.28320284e-003	
6.70784418e+001	1.23878650e-003	
6.71727856e+001	1.19481488e-003	
6.72671294e+001	1.15133894e-003	
6.73614732e+001	1.10841699e-003	
6.74558170e+001	1.06611597e-003	
6.75501608e+001	1.02451277e-003	
6.76445046e+001	9.83695952e-004	
6.77388484e+001	9.43767540e-004	
6.78331922e+001	9.04845153e-004	
6.79275360e+001	8.67064283e-004	
6.80218798e+001	8.30580719e-004	
6.81162236e+001	7.95572956e-004	
6.82105674e+001	7.62244361e-004	
6.83049112e+001	7.47867525e-004	
6.83992550e+001	7.46244536e-004	
6.84935988e+001	7.48424876e-004	
6.85879426e+001	7.54375566e-004	
6.86822864e+001	7.64008514e-004	
6.87766302e+001	7.77186809e-004	
6.88709740e+001	7.93733884e-004	
6.89653178e+001	8.13444179e-004	
6.90596616e+001	8.36094014e-004	
6.91540054e+001	8.61451555e-004	
6.92483492e+001	8.89285206e-004	
6.93426930e+001	9.19370103e-004	
6.94370368e+001	9.50497203e-004	
6.95313806e+001	9.75359882e-004	
6.96257244e+001	1.00248599e-003	
6.97200682e+001	1.03169699e-003	
6.98144120e+001	1.05277869e-003	
6.99087558e+001	1.06798178e-003	
7.00030996e+001	1.08359590e-003	
7.00974434e+001	1.09960355e-003	
7.01917872e+001	1.11598779e-003	
7.02861310e+001	1.13273228e-003	
7.03804748e+001	1.14982129e-003	
7.04748186e+001	1.16723967e-003	
7.05691624e+001	1.18497291e-003	
7.06635062e+001	1.20300709e-003	
7.07578500e+001	1.17275080e-003	
7.08521938e+001	1.07821713e-003	
7.09465376e+001	9.83686377e-004	
7.10408814e+001	8.89159483e-004	
7.11352252e+001	7.94637823e-004	
7.12295690e+001	7.00123515e-004	
7.13239128e+001	6.05620002e-004	
7.14182566e+001	5.11133271e-004	
7.15126004e+001	4.16674741e-004	
7.16069442e+001	3.22269208e-004	
7.17012880e+001	2.27982520e-004	
7.17956318e+001	1.34065656e-004	
7.18899756e+001	4.30134282e-005	
7.19843194e+001	6.76684373e-005	
7.20786632e+001	1.73237500e-004	
7.21730070e+001	3.03864420e-004	
7.22673508e+001	4.34075572e-004	
7.23616946e+001	5.65346567e-004	
7.24560384e+001	6.97078905e-004	
7.25503822e+001	8.29052702e-004	
7.26447260e+001	9.53929085e-004	
7.27390698e+001	1.06353674e-003	
7.28334136e+001	1.17331428e-003	
7.29277574e+001	1.28321811e-003	
7.30221012e+001	1.39321835e-003	
7.31164450e+001	1.50329382e-003	
7.32107888e+001	1.61342914e-003	
7.33051326e+001	1.72361283e-003	
7.33994764e+001	1.66241181e-003	
7.34938202e+001	1.56161469e-003	
7.35881640e+001	1.46096802e-003	
7.36825078e+001	1.35620504e-003	
7.37768516e+001	1.24352962e-003	
7.38711954e+001	1.13085729e-003	
7.39655392e+001	1.01818907e-003	
7.40598830e+001	9.05526505e-004	
7.41542268e+001	7.92871996e-004	
7.42485706e+001	6.80229548e-004	
7.43429144e+001	5.67606344e-004	
7.44372582e+001	4.55016672e-004	
7.45316020e+001	3.15627505e-004	
7.46259458e+001	1.89913842e-004	
7.47202896e+001	1.39712012e-004	
7.48146334e+001	2.23555940e-004	
7.49089772e+001	3.56988380e-004	
7.50033210e+001	4.51075759e-004	
7.50976648e+001	5.29377011e-004	
7.51920086e+001	6.11062013e-004	
7.52863524e+001	6.94938582e-004	
7.53806962e+001	7.80300305e-004	
7.54750400e+001	8.66708476e-004	
7.55693838e+001	9.53878758e-004	
7.56637276e+001	1.04161983e-003	
7.57580714e+001	1.12979872e-003	
7.58524152e+001	1.21832036e-003	
7.59467590e+001	1.30711512e-003	
7.60411028e+001	1.39613089e-003	
7.61354466e+001	1.48532794e-003	
7.62297904e+001	1.57467545e-003	
7.63241342e+001	1.66414920e-003	
7.64184780e+001	1.69196816e-003	
7.65128218e+001	1.67647728e-003	
7.66071656e+001	1.66279751e-003	
7.67015094e+001	1.65097386e-003	
7.67958532e+001	1.64104647e-003	
7.68901970e+001	1.63304990e-003	
7.69845408e+001	1.62701264e-003	
7.70788846e+001	1.62295654e-003	
7.71732284e+001	1.62089648e-003	
7.72675722e+001	1.62084008e-003	
7.73619160e+001	1.62278753e-003	
7.74562598e+001	1.62673164e-003	
7.75506036e+001	1.63265795e-003	
7.76449474e+001	1.64054497e-003	
7.77392912e+001	1.65036458e-003	
7.78336350e+001	1.66208255e-003	
7.79279788e+001	1.67435344e-003	
7.80223226e+001	1.67175400e-003	
7.81166664e+001	1.67106188e-003	
7.82110102e+001	1.67227945e-003	
7.83053540e+001	1.62751993e-003	
7.83996978e+001	1.57986881e-003	
7.84940416e+001	1.53427193e-003	
7.85883854e+001	1.49091778e-003	
7.86827292e+001	1.45000755e-003	
7.87770730e+001	1.41175370e-003	
7.88714168e+001	1.37686444e-003	
7.89657606e+001	1.37857580e-003	
7.90601044e+001	1.38035484e-003	
7.91544482e+001	1.38220132e-003	
7.92487920e+001	1.38411496e-003	
7.93431358e+001	1.38609547e-003	
7.94374796e+001	1.38814259e-003	
7.95318234e+001	1.39025600e-003	
7.96261672e+001	1.39243542e-003	
7.97205110e+001	1.39468052e-003	
7.98148548e+001	1.38069932e-003	
7.99091986e+001	1.38107513e-003	
8.00035424e+001	1.39605117e-003	
8.00978862e+001	1.42516722e-003	
8.01922300e+001	1.46758195e-003	
8.02865738e+001	1.52456347e-003	
8.03809176e+001	1.58778858e-003	
8.04752614e+001	1.65187390e-003	
8.05696052e+001	1.71672309e-003	
8.06639490e+001	1.78225279e-003	
8.07582928e+001	1.84839060e-003	
8.08526366e+001	1.91507353e-003	
8.09469804e+001	1.98224656e-003	
8.10413242e+001	2.04731613e-003	
8.11356680e+001	1.58754182e-003	
8.12300118e+001	1.12990745e-003	
8.13243556e+001	6.78755304e-004	
8.14186994e+001	2.68966110e-004	
8.15130432e+001	3.34055190e-004	
8.16073870e+001	5.36994561e-004	
8.17017308e+001	8.25481606e-004	
8.17960746e+001	1.35383250e-003	
8.18904184e+001	1.91799125e-003	
8.19847622e+001	2.46045193e-003	
8.20791060e+001	2.79461064e-003	
8.21734498e+001	3.12885906e-003	
8.22677936e+001	3.46317121e-003	
8.23621374e+001	3.79753027e-003	
8.24564812e+001	4.13192484e-003	
8.25508250e+001	4.46634695e-003	
8.26451688e+001	4.80079084e-003	
8.27395126e+001	5.13525227e-003	
8.28338564e+001	3.13677205e+004	
8.29282002e+001	3.13207313e+004	
8.30225440e+001	3.12737453e+004	
8.31168878e+001	3.12267623e+004	
8.32112316e+001	3.11797825e+004	
8.33055754e+001	3.11328059e+004	
8.33999192e+001	3.10858324e+004	
8.34942630e+001	3.10388621e+004	
8.35886068e+001	3.09918951e+004	
8.36829506e+001	3.09449312e+004	
8.37772944e+001	3.08979706e+004	
8.38716382e+001	3.05146926e+004	
8.39659820e+001	3.00869125e+004	
8.40603258e+001	2.96591752e+004	
8.41546696e+001	2.92314828e+004	
8.42490134e+001	2.88038371e+004	
8.43433572e+001	2.83762403e+004	
8.44377010e+001	2.79486946e+004	
8.45320448e+001	2.75212025e+004	
8.46263886e+001	2.70937663e+004	
8.47207324e+001	2.66870944e+004	
8.48150762e+001	2.63479138e+004	
8.49094200e+001	2.60089539e+004	
8.50037638e+001	2.56702236e+004	
8.50981076e+001	2.53317321e+004	
8.51924514e+001	2.49934889e+004	
8.52867952e+001	2.46532525e+004	
8.53811390e+001	2.42291190e+004	
8.54754828e+001	2.38051760e+004	
8.55698266e+001	2.33814340e+004	
8.56641704e+001	2.31836294e+004	
8.57585142e+001	2.30267392e+004	
8.58528580e+001	2.28755149e+004	
8.59472018e+001	2.27325982e+004	
8.60415456e+001	2.25896942e+004	
8.61358894e+001	2.24468033e+004	
8.62302332e+001	2.23039255e+004	
8.63245770e+001	2.21610612e+004	
8.64189208e+001	2.20182107e+004	
8.65132646e+001	2.18753742e+004	
8.66076084e+001	2.17325520e+004	
8.67019522e+001	2.15897443e+004	
8.67962960e+001	2.14469515e+004	
8.68906398e+001	2.13041739e+004	
8.69849836e+001	2.11614118e+004	
8.70793274e+001	2.10186654e+004	
8.71736712e+001	2.08759352e+004	
8.72680150e+001	2.07332214e+004	
8.73623588e+001	2.05905244e+004	
8.74567026e+001	2.04478445e+004	
8.75510464e+001	2.02944741e+004	
8.76453902e+001	2.01265721e+004	
8.77397340e+001	1.99584552e+004	
8.78340778e+001	1.97903799e+004	
8.79284216e+001	1.96223472e+004	
8.80227654e+001	1.94554175e+004	
8.81171092e+001	1.92960604e+004	
8.82114530e+001	1.91367601e+004	
8.83057968e+001	1.89775178e+004	
8.84001406e+001	1.88183352e+004	
8.84944844e+001	1.86592136e+004	
8.85888282e+001	1.85001548e+004	
8.86831720e+001	1.83411602e+004	
8.87775158e+001	1.81822317e+004	
8.88718596e+001	1.80233709e+004	
8.89662034e+001	1.78645797e+004	
8.90605472e+001	1.77058599e+004	
8.91548910e+001	1.76084872e+004	
8.92492348e+001	1.75372293e+004	
8.93435786e+001	1.74659791e+004	
8.94379224e+001	1.73947368e+004	
8.95322662e+001	1.73235024e+004	
8.96266100e+001	1.72522761e+004	
8.97209538e+001	1.71810580e+004	
8.98152976e+001	1.71115625e+004	
8.99096414e+001	1.70588424e+004	
9.00039852e+001	1.70061254e+004	
9.00983290e+001	1.69534114e+004	
9.01926728e+001	1.69007005e+004	
9.02870166e+001	1.68479927e+004	
9.03813604e+001	1.67952881e+004	
9.04757042e+001	1.67425866e+004	
9.05700480e+001	1.66898884e+004	
9.06643918e+001	1.66371934e+004	
9.07587356e+001	1.65845017e+004	
9.08530794e+001	1.65318133e+004	
9.09474232e+001	1.64791282e+004	
9.10417670e+001	1.64264465e+004	
9.11361108e+001	1.63737682e+004	
9.12304546e+001	1.63210934e+004	
9.13247984e+001	1.62684220e+004	
9.14191422e+001	1.61597013e+004	
9.15134860e+001	1.60463115e+004	
9.16078298e+001	1.59329485e+004	
9.17021736e+001	1.58196127e+004	
9.17965174e+001	1.57063049e+004	
9.18908612e+001	1.55930255e+004	
9.19852050e+001	1.54797753e+004	
9.20795488e+001	1.53665548e+004	
9.21738926e+001	1.52527442e+004	
9.22682364e+001	1.51277725e+004	
9.23625802e+001	1.50028456e+004	
9.24569240e+001	1.48779646e+004	
9.25512678e+001	1.47531307e+004	
9.26456116e+001	1.46283451e+004	
9.27399554e+001	1.45115944e+004	
9.28342992e+001	1.44111289e+004	
9.29286430e+001	1.43107014e+004	
9.30229868e+001	1.42103127e+004	
9.31173306e+001	1.41099636e+004	
9.32116744e+001	1.40096549e+004	
9.33060182e+001	1.39274036e+004	
9.34003620e+001	1.38881700e+004	
9.34947058e+001	1.38489374e+004	
9.35890496e+001	1.38097057e+004	
9.36833934e+001	1.37704750e+004	
9.37777372e+001	1.37312454e+004	
9.38720810e+001	1.36920167e+004	
9.39664248e+001	1.36527891e+004	
9.40607686e+001	1.36135624e+004	
9.41551124e+001	1.35743369e+004	
9.42494562e+001	1.35351123e+004	
9.43438000e+001	1.34958889e+004	
9.44381438e+001	1.34566664e+004	
9.45324876e+001	1.34174451e+004	
9.46268314e+001	1.33782249e+004	
9.47211752e+001	1.33390057e+004	
9.48155190e+001	1.33039032e+004	
9.49098628e+001	1.32763326e+004	
9.50042066e+001	1.31954143e+004	
9.50985504e+001	1.31149901e+004	
9.51928942e+001	1.30470906e+004	
9.52872380e+001	1.29791913e+004	
9.53815818e+001	1.29112921e+004	
9.54759256e+001	1.28433930e+004	
9.55702694e+001	1.27754941e+004	
9.56646132e+001	1.27075953e+004	
9.57589570e+001	1.26396967e+004	
9.58533008e+001	1.25717982e+004	
9.59476446e+001	1.25038999e+004	
9.60419884e+001	1.24360017e+004	
9.61363322e+001	1.23681037e+004	
9.62306760e+001	1.23002058e+004	
9.63250198e+001	1.22350884e+004	
9.64193636e+001	1.21835015e+004	
9.65137074e+001	1.21319208e+004	
9.66080512e+001	1.20803465e+004	
9.67023950e+001	1.20287785e+004	
9.67967388e+001	1.19772169e+004	
9.68910826e+001	1.19256620e+004	
9.69854264e+001	1.18741136e+004	
9.70797702e+001	1.18225720e+004	
9.71741140e+001	1.17710372e+004	
9.72684578e+001	1.17195092e+004	
9.73628016e+001	1.16679883e+004	
9.74571454e+001	1.16164744e+004	
9.75514892e+001	1.15649677e+004	
9.76458330e+001	1.15152855e+004	
9.77401768e+001	1.14754898e+004	
9.78345206e+001	1.14390539e+004	
9.79288644e+001	1.14024673e+004	
9.80232082e+001	1.13658807e+004	
9.81175520e+001	1.13292942e+004	
9.82118958e+001	1.12927078e+004	
9.83062396e+001	1.12561215e+004	
9.84005834e+001	1.12195354e+004	
9.84949272e+001	1.11829493e+004	
9.85892710e+001	1.11463633e+004	
9.86836148e+001	1.11097774e+004	
9.87779586e+001	1.10731916e+004	
9.88723024e+001	1.10366059e+004	
9.89666462e+001	1.10000203e+004	
9.90609900e+001	1.09634348e+004	
9.91553338e+001	1.09268494e+004	
9.92496776e+001	1.08902641e+004	
9.93440214e+001	1.08508682e+004	
9.94383652e+001	1.08109975e+004	
9.95327090e+001	1.07711316e+004	
9.96270528e+001	1.07312705e+004	
9.97213966e+001	1.06914144e+004	
9.98157404e+001	1.06515633e+004	
9.99100842e+001	1.06117172e+004	
1.00004428e+002	1.05718763e+004	
1.00098772e+002	1.05320405e+004	
1.00193116e+002	1.04846195e+004	
1.00287459e+002	1.04370455e+004	
1.00381803e+002	1.03894810e+004	
1.00476147e+002	1.03419262e+004	
1.00570491e+002	1.02943812e+004	
1.00664835e+002	1.02468461e+004	
1.00759178e+002	1.02078735e+004	
1.00853522e+002	1.01694325e+004	
1.00947866e+002	1.01309922e+004	
1.01042210e+002	1.00925525e+004	
1.01136554e+002	1.00541136e+004	
1.01230897e+002	1.00156753e+004	
1.01325241e+002	9.97723783e+003	
1.01419585e+002	9.93880104e+003	
1.01513929e+002	9.90036498e+003	
1.01608273e+002	9.86167176e+003	
1.01702616e+002	9.82149321e+003	
1.01796960e+002	9.78132291e+003	
1.01891304e+002	9.74116093e+003	
1.01985648e+002	9.70100740e+003	
1.02079992e+002	9.66086242e+003	
1.02174335e+002	9.62072609e+003	
1.02268679e+002	9.58059852e+003	
1.02363023e+002	9.54047982e+003	
1.02457367e+002	9.50037011e+003	
1.02551711e+002	9.46026950e+003	
1.02646054e+002	9.42017810e+003	
1.02740398e+002	9.38009603e+003	
1.02834742e+002	9.34002342e+003	
1.02929086e+002	9.30889444e+003	
1.03023430e+002	9.28580096e+003	
1.03117773e+002	9.26237093e+003	
1.03212117e+002	9.23838496e+003	
1.03306461e+002	9.21439969e+003	
1.03400805e+002	9.19041511e+003	
1.03495149e+002	9.16643125e+003	
1.03589492e+002	9.14244809e+003	
1.03683836e+002	9.11846564e+003	
1.03778180e+002	9.09448392e+003	
1.03872524e+002	9.07050292e+003	
1.03966868e+002	9.04652266e+003	
1.04061211e+002	9.02254313e+003	
1.04155555e+002	8.99856435e+003	
1.04249899e+002	8.97458632e+003	
1.04344243e+002	8.95060904e+003	
1.04438587e+002	8.92663253e+003	
1.04532930e+002	8.90265679e+003	
1.04627274e+002	8.87868182e+003	
1.04721618e+002	8.85470763e+003	
1.04815962e+002	8.82173965e+003	
1.04910306e+002	8.78536865e+003	
1.05004649e+002	8.74900106e+003	
1.05098993e+002	8.71233604e+003	
1.05193337e+002	8.67268362e+003	
1.05287681e+002	8.63303120e+003	
1.05382025e+002	8.59337878e+003	
1.05476368e+002	8.55372636e+003	
1.05570712e+002	8.51407395e+003	
1.05665056e+002	8.47442154e+003	
1.05759400e+002	8.43476914e+003	
1.05853744e+002	8.39511673e+003	
1.05948087e+002	8.35546433e+003	
1.06042431e+002	8.31581194e+003	
1.06136775e+002	8.27948690e+003	
1.06231119e+002	8.25791670e+003	
1.06325463e+002	8.23634737e+003	
1.06419806e+002	8.21477894e+003	
1.06514150e+002	8.19321139e+003	
1.06608494e+002	8.17164474e+003	
1.06702838e+002	8.14971450e+003	
1.06797182e+002	8.12733487e+003	
1.06891525e+002	8.10495736e+003	
1.06985869e+002	8.08258198e+003	
1.07080213e+002	8.06020876e+003	
1.07174557e+002	8.03783771e+003	
1.07268901e+002	8.01546885e+003	
1.07363244e+002	7.99310220e+003	
1.07457588e+002	7.97073777e+003	
1.07551932e+002	7.94249367e+003	
1.07646276e+002	7.90944319e+003	
1.07740620e+002	7.87640731e+003	
1.07834963e+002	7.84338622e+003	
1.07929307e+002	7.81038010e+003	
1.08023651e+002	7.77738914e+003	
1.08117995e+002	7.74849608e+003	
1.08212339e+002	7.72042992e+003	
1.08306682e+002	7.69236392e+003	
1.08401026e+002	7.66429809e+003	
1.08495370e+002	7.63623243e+003	
1.08589714e+002	7.60816694e+003	
1.08684058e+002	7.58010162e+003	
1.08778401e+002	7.55203648e+003	
1.08872745e+002	7.52411267e+003	
1.08967089e+002	7.49702809e+003	
1.09061433e+002	7.46994719e+003	
1.09155777e+002	7.44287001e+003	
1.09250120e+002	7.41579660e+003	
1.09344464e+002	7.38872699e+003	
1.09438808e+002	7.36166123e+003	
1.09533152e+002	7.33459936e+003	
1.09627496e+002	7.30754143e+003	
1.09721839e+002	7.28048747e+003	
1.09816183e+002	7.25343753e+003	
1.09910527e+002	7.22623031e+003	
1.10004871e+002	7.19868232e+003	
1.10099215e+002	7.17114433e+003	
1.10193558e+002	7.14602439e+003	
1.10287902e+002	7.12654147e+003	
1.10382246e+002	7.10706541e+003	
1.10476590e+002	7.08759630e+003	
1.10570934e+002	7.06579955e+003	
1.10665277e+002	7.04325086e+003	
1.10759621e+002	7.02070220e+003	
1.10853965e+002	6.99815356e+003	
1.10948309e+002	6.97560495e+003	
1.11042653e+002	6.95305637e+003	
1.11136996e+002	6.93050781e+003	
1.11231340e+002	6.90795929e+003	
1.11325684e+002	6.88541079e+003	
1.11420028e+002	6.86286232e+003	
1.11514372e+002	6.84031387e+003	
1.11608715e+002	6.80388719e+003	
1.11703059e+002	6.76740155e+003	
1.11797403e+002	6.73092644e+003	
1.11891747e+002	6.69446204e+003	
1.11986091e+002	6.65867567e+003	
1.12080434e+002	6.62632805e+003	
1.12174778e+002	6.59398251e+003	
1.12269122e+002	6.56163908e+003	
1.12363466e+002	6.52929781e+003	
1.12457810e+002	6.49695871e+003	
1.12552153e+002	6.46462182e+003	
1.12646497e+002	6.43228718e+003	
1.12740841e+002	6.39995481e+003	
1.12835185e+002	6.36762476e+003	
1.12929529e+002	6.33529705e+003	
1.13023872e+002	6.31310173e+003	
1.13118216e+002	6.29915197e+003	
1.13212560e+002	6.28520832e+003	
1.13306904e+002	6.27127083e+003	
1.13401248e+002	6.25733952e+003	
1.13495591e+002	6.24341446e+003	
1.13589935e+002	6.22949567e+003	
1.13684279e+002	6.21558320e+003	
1.13778623e+002	6.20092853e+003	
1.13872967e+002	6.18384210e+003	
1.13967310e+002	6.16675568e+003	
1.14061654e+002	6.14966929e+003	
1.14155998e+002	6.13258291e+003	
1.14250342e+002	6.11549655e+003	
1.14344686e+002	6.09841021e+003	
1.14439029e+002	6.08132389e+003	
1.14533373e+002	6.06423759e+003	
1.14627717e+002	6.04715131e+003	
1.14722061e+002	6.03006505e+003	
1.14816405e+002	6.01297881e+003	
1.14910748e+002	5.99589259e+003	
1.15005092e+002	5.97880638e+003	
1.15099436e+002	5.95673064e+003	
1.15193780e+002	5.92952402e+003	
1.15288124e+002	5.90231896e+003	
1.15382467e+002	5.87587629e+003	
1.15476811e+002	5.85023495e+003	
1.15571155e+002	5.82460195e+003	
1.15665499e+002	5.79897739e+003	
1.15759843e+002	5.77336138e+003	
1.15854186e+002	5.74775405e+003	
1.15948530e+002	5.72215550e+003	
1.16042874e+002	5.69656585e+003	
1.16137218e+002	5.67098523e+003	
1.16231562e+002	5.64541376e+003	
1.16325905e+002	5.61985156e+003	
1.16420249e+002	5.59429875e+003	
1.16514593e+002	5.56875548e+003	
1.16608937e+002	5.54322187e+003	
1.16703281e+002	5.52015295e+003	
1.16797624e+002	5.49337765e+003	
1.16891968e+002	5.46430965e+003	
1.16986312e+002	5.43524179e+003	
1.17080656e+002	5.40617406e+003	
1.17175000e+002	5.37710647e+003	
1.17269343e+002	5.34803902e+003	
1.17363687e+002	5.31897171e+003	
1.17458031e+002	5.28990454e+003	
1.17552375e+002	5.26083752e+003	
1.17646719e+002	5.23179773e+003	
1.17741062e+002	5.20283316e+003	
1.17835406e+002	5.17386859e+003	
1.17929750e+002	5.14490402e+003	
1.18024094e+002	5.11593945e+003	
1.18118438e+002	5.08721534e+003	
1.18212781e+002	5.06911094e+003	
1.18307125e+002	5.05096880e+003	
1.18401469e+002	5.03283229e+003	
1.18495813e+002	5.01470147e+003	
1.18590157e+002	4.99657642e+003	
1.18684500e+002	4.97886905e+003	
1.18778844e+002	4.96118808e+003	
1.18873188e+002	4.94351398e+003	
1.18967532e+002	4.92584684e+003	
1.19061876e+002	4.90818672e+003	
1.19156219e+002	4.89053370e+003	
1.19250563e+002	4.87288786e+003	
1.19344907e+002	4.85524928e+003	
1.19439251e+002	4.83761803e+003	
1.19533595e+002	4.81999420e+003	
1.19627938e+002	4.80237787e+003	
1.19722282e+002	4.78476912e+003	
1.19816626e+002	4.76716803e+003	
1.19910970e+002	4.74841126e+003	
1.20005314e+002	4.72604991e+003	
1.20099657e+002	4.70638385e+003	
1.20194001e+002	4.68671814e+003	
1.20288345e+002	4.66655064e+003	
1.20382689e+002	4.64618635e+003	
1.20477033e+002	4.62582327e+003	
1.20571376e+002	4.60546141e+003	
1.20665720e+002	4.58510080e+003	
1.20760064e+002	4.56474143e+003	
1.20854408e+002	4.54438334e+003	
1.20948752e+002	4.52402655e+003	
1.21043095e+002	4.50367105e+003	
1.21137439e+002	4.48331689e+003	
1.21231783e+002	4.46296406e+003	
1.21326127e+002	4.44261260e+003	
1.21420471e+002	4.42226252e+003	
1.21514814e+002	4.40161252e+003	
1.21609158e+002	4.37868551e+003	
1.21703502e+002	4.35576702e+003	
1.21797846e+002	4.33285719e+003	
1.21892190e+002	4.31002092e+003	
1.21986533e+002	4.28983672e+003	
1.22080877e+002	4.26965380e+003	
1.22175221e+002	4.24947217e+003	
1.22269565e+002	4.22929186e+003	
1.22363909e+002	4.20911288e+003	
1.22458252e+002	4.18470195e+003	
1.22552596e+002	4.15873508e+003	
1.22646940e+002	4.13276950e+003	
1.22741284e+002	4.10680525e+003	
1.22835628e+002	4.08084235e+003	
1.22929971e+002	4.05488082e+003	
1.23024315e+002	4.02892069e+003	
1.23118659e+002	4.00296198e+003	
1.23213003e+002	3.97700474e+003	
1.23307347e+002	3.95098358e+003	
1.23401690e+002	3.92493868e+003	
1.23496034e+002	3.89890269e+003	
1.23590378e+002	3.87287578e+003	
1.23684722e+002	3.84685814e+003	
1.23779066e+002	3.82084997e+003	
1.23873409e+002	3.79485145e+003	
1.23967753e+002	3.76886279e+003	
1.24062097e+002	3.74288418e+003	
1.24156441e+002	3.71691585e+003	
1.24250785e+002	3.69999822e+003	
1.24345128e+002	3.68406287e+003	
1.24439472e+002	3.66812753e+003	
1.24533816e+002	3.65219220e+003	
1.24628160e+002	3.63637008e+003	
1.24722504e+002	3.62106926e+003	
1.24816847e+002	3.60576844e+003	
1.24911191e+002	3.59046763e+003	
1.25005535e+002	3.57516682e+003	
1.25099879e+002	3.55986603e+003	
1.25194223e+002	3.54456523e+003	
1.25288566e+002	3.52926445e+003	
1.25382910e+002	3.51396367e+003	
1.25477254e+002	3.49866290e+003	
1.25571598e+002	3.48336213e+003	
1.25665942e+002	3.46806137e+003	
1.25760285e+002	3.44898144e+003	
1.25854629e+002	3.42701121e+003	
1.25948973e+002	3.40504106e+003	
1.26043317e+002	3.38307101e+003	
1.26137661e+002	3.36110104e+003	
1.26232004e+002	3.33913117e+003	
1.26326348e+002	3.31716138e+003	
1.26420692e+002	3.29519169e+003	
1.26515036e+002	3.27322210e+003	
1.26609380e+002	3.25125260e+003	
1.26703723e+002	3.22928321e+003	
1.26798067e+002	3.20682669e+003	
1.26892411e+002	3.18337721e+003	
1.26986755e+002	3.15992797e+003	
1.27081099e+002	3.13639701e+003	
1.27175442e+002	3.11284223e+003	
1.27269786e+002	3.08928909e+003	
1.27364130e+002	3.06573764e+003	
1.27458474e+002	3.04218790e+003	
1.27552818e+002	3.01863992e+003	
1.27647161e+002	2.99509374e+003	
1.27741505e+002	2.97154940e+003	
1.27835849e+002	2.94800694e+003	
1.27930193e+002	2.92446642e+003	
1.28024537e+002	2.90092788e+003	
1.28118880e+002	2.87739137e+003	
1.28213224e+002	2.85940528e+003	
1.28307568e+002	2.84244107e+003	
1.28401912e+002	2.82548186e+003	
1.28496256e+002	2.80852775e+003	
1.28590599e+002	2.79157883e+003	
1.28684943e+002	2.77463518e+003	
1.28779287e+002	2.75769692e+003	
1.28873631e+002	2.74076414e+003	
1.28967975e+002	2.72383695e+003	
1.29062318e+002	2.70691544e+003	
1.29156662e+002	2.68999972e+003	
1.29251006e+002	2.67308991e+003	
1.29345350e+002	2.65652174e+003	
1.29439694e+002	2.64095320e+003	
1.29534037e+002	2.62538472e+003	
1.29628381e+002	2.60981633e+003	
1.29722725e+002	2.59424802e+003	
1.29817069e+002	2.57867978e+003	
1.29911413e+002	2.56311163e+003	
1.30005756e+002	2.54493418e+003	
1.30100100e+002	2.52213229e+003	
1.30194444e+002	2.49933080e+003	
1.30288788e+002	2.47652973e+003	
1.30383132e+002	2.45372908e+003	
1.30477475e+002	2.43092887e+003	
1.30571819e+002	2.40812910e+003	
1.30666163e+002	2.38532980e+003	
1.30760507e+002	2.36253097e+003	
1.30854851e+002	2.33973264e+003	
1.30949194e+002	2.31693480e+003	
1.31043538e+002	2.29413749e+003	
1.31137882e+002	2.27134071e+003	
1.31232226e+002	2.24854448e+003	
1.31326570e+002	2.22412340e+003	
1.31420913e+002	2.19889301e+003	
1.31515257e+002	2.17368271e+003	
1.31609601e+002	2.14849323e+003	
1.31703945e+002	2.12332530e+003	
1.31798289e+002	2.10054345e+003	
1.31892632e+002	2.07826481e+003	
1.31986976e+002	2.05598622e+003	
1.32081320e+002	2.03370769e+003	
1.32175664e+002	2.01142922e+003	
1.32270008e+002	1.98915082e+003	
1.32364351e+002	1.96687247e+003	
1.32458695e+002	1.94459419e+003	
1.32553039e+002	1.92231599e+003	
1.32647383e+002	1.90003785e+003	
1.32741727e+002	1.87871159e+003	
1.32836070e+002	1.86039629e+003	
1.32930414e+002	1.84209359e+003	
1.33024758e+002	1.82380389e+003	
1.33119102e+002	1.80552756e+003	
1.33213446e+002	1.78726503e+003	
1.33307789e+002	1.76901672e+003	
1.33402133e+002	1.75078307e+003	
1.33496477e+002	1.73256454e+003	
1.33590821e+002	1.71437340e+003	
1.33685165e+002	1.69620123e+003	
1.33779508e+002	1.67804262e+003	
1.33873852e+002	1.65989801e+003	
1.33968196e+002	1.64176788e+003	
1.34062540e+002	1.62365269e+003	
1.34156884e+002	1.60299084e+003	
1.34251227e+002	1.57681581e+003	
1.34345571e+002	1.55065465e+003	
1.34439915e+002	1.52450807e+003	
1.34534259e+002	1.49837683e+003	
1.34628603e+002	1.47226176e+003	
1.34722946e+002	1.44616372e+003	
1.34817290e+002	1.42008366e+003	
1.34911634e+002	1.39402259e+003	
1.35005978e+002	1.36798158e+003	
1.35100322e+002	1.34208516e+003	
1.35194665e+002	1.31721520e+003	
1.35289009e+002	1.29235956e+003	
1.35383353e+002	1.26751906e+003	
1.35477697e+002	1.24269463e+003	
1.35572041e+002	1.21788724e+003	
1.35666384e+002	1.19424545e+003	
1.35760728e+002	1.17374831e+003	
1.35855072e+002	1.15325369e+003	
1.35949416e+002	1.13276174e+003	
1.36043760e+002	1.11431638e+003	
1.36138103e+002	1.10081443e+003	
1.36232447e+002	1.08736385e+003	
1.36326791e+002	1.07396657e+003	
1.36421135e+002	1.06062462e+003	
1.36515479e+002	1.04734010e+003	
1.36609822e+002	1.03411524e+003	
1.36704166e+002	1.02095234e+003	
1.36798510e+002	1.00785384e+003	
1.36892854e+002	9.94822280e+002	
1.36987198e+002	9.81860327e+002	
1.37081541e+002	9.68970772e+002	
1.37175885e+002	9.56156545e+002	
1.37270229e+002	9.43420715e+002	
1.37364573e+002	9.30766499e+002	
1.37458917e+002	9.18197273e+002	
1.37553260e+002	9.05716574e+002	
1.37647604e+002	8.93328113e+002	
1.37741948e+002	8.72398169e+002	
1.37836292e+002	8.49322271e+002	
1.37930636e+002	8.26266831e+002	
1.38024979e+002	8.03233609e+002	
1.38119323e+002	7.80224572e+002	
1.38213667e+002	7.57241927e+002	
1.38308011e+002	7.34288150e+002	
1.38402355e+002	7.11366036e+002	
1.38496698e+002	6.88478748e+002	
1.38591042e+002	6.65629879e+002	
1.38685386e+002	6.42823524e+002	
1.38779730e+002	6.20064376e+002	
1.38874074e+002	6.02508291e+002	
1.38968417e+002	5.87457688e+002	
1.39062761e+002	5.69332118e+002	
1.39157105e+002	5.47101780e+002	
1.39251449e+002	5.24976774e+002	
1.39345793e+002	5.02970999e+002	
1.39440136e+002	4.81100818e+002	
1.39534480e+002	4.59385596e+002	
1.39628824e+002	4.37848389e+002	
1.39723168e+002	4.16516813e+002	
1.39817512e+002	3.95424148e+002	
1.39911855e+002	3.71385948e+002	
1.40006199e+002	3.42476817e+002	
1.40100543e+002	3.14317724e+002	
1.40194887e+002	2.87314174e+002	
1.40289231e+002	2.60410847e+002	
1.40383574e+002	2.34837856e+002	
1.40477918e+002	2.13221932e+002	
1.40572262e+002	1.91825499e+002	
1.40666606e+002	1.72595395e+002	
1.40760950e+002	1.55145572e+002	
1.40855293e+002	1.37748566e+002	
1.40949637e+002	1.20427272e+002	
1.41043981e+002	1.03219810e+002	
1.41138325e+002	8.55690832e+001	
1.41232669e+002	6.72795517e+001	
1.41327012e+002	4.90129345e+001	
1.41421356e+002	0.00000000e+000	
